16点32分0	1		45.8	-204.8	-204.8	-204.8	-204.8	22.5	-204.8	-204.8
16点32分1	1		47.9	-204.8	-204.8	-204.8	-204.8	22.5	-204.8	-204.8
16点32分1	1		50.0	-204.8	-204.8	-204.8	-204.8	22.5	-204.8	-204.8
16点32分1	1		52.1	-204.8	-204.8	-204.8	-204.8	22.5	-204.8	-204.8
16点32分1	1		54.1	-204.8	-204.8	-204.8	-204.8	22.5	-204.8	-204.8
16点32分1	1		58.1	-204.8	-204.8	-204.8	-204.8	22.5	-204.8	-204.8
16点32分1	1		60.0	-204.8	-204.8	-204.8	-204.8	22.5	-204.8	-204.8
16点32分1	1		62.0	-204.8	-204.8	-204.8	-204.8	22.5	-204.8	-204.8
16点32分1	1		61.3	-204.8	-204.8	-204.8	-204.8	22.5	-204.8	-204.8
16点32分1	1		63.4	-204.8	-204.8	-204.8	-204.8	22.5	-204.8	-204.8
16点32分1	1		65.3	-204.8	-204.8	-204.8	-204.8	22.5	-204.8	-204.8
16点32分2	1		69.5	-204.8	-204.8	-204.8	-204.8	22.5	-204.8	-204.8
16点32分2	1		71.4	-204.8	-204.8	-204.8	-204.8	22.5	-204.8	-204.8
16点32分2	1		73.2	-204.8	-204.8	-204.8	-204.8	22.5	-204.8	-204.8
16点32分2	1		74.9	-204.8	-204.8	-204.8	-204.8	22.5	-204.8	-204.8
16点32分2	1		76.6	-204.8	-204.8	-204.8	-204.8	22.5	-204.8	-204.8
16点32分2	1		78.3	-204.8	-204.8	-204.8	-204.8	22.5	-204.8	-204.8
16点32分2	1		81.4	-204.8	-204.8	-204.8	-204.8	22.5	-204.8	-204.8
16点32分2	1		82.9	-204.8	-204.8	-204.8	-204.8	22.5	-204.8	-204.8
16点32分2	1		84.3	-204.8	-204.8	-204.8	-204.8	22.5	-204.8	-204.8
16点32分3	1		85.9	-204.8	-204.8	-204.8	-204.8	22.5	-204.8	-204.8
16点32分3	1		87.2	-204.8	-204.8	-204.8	-204.8	22.5	-204.8	-204.8
16点32分3	1		88.5	-204.8	-204.8	-204.8	-204.8	22.5	-204.8	-204.8
16点32分3	1		89.7	-204.8	-204.8	-204.8	-204.8	22.5	-204.8	-204.8
16点32分3	1		92.2	-204.8	-204.8	-204.8	-204.8	22.5	-204.8	-204.8
16点32分3	1		93.4	-204.8	-204.8	-204.8	-204.8	22.5	-204.8	-204.8
16点32分3	1		94.5	-204.8	-204.8	-204.8	-204.8	22.5	-204.8	-204.8
16点32分3	1		95.5	-204.8	-204.8	-204.8	-204.8	22.5	-204.8	-204.8
16点32分3	1		96.5	-204.8	-204.8	-204.8	-204.8	22.5	-204.8	-204.8
16点32分3	1		98.7	-204.8	-204.8	-204.8	-204.8	22.5	-204.8	-204.8
16点32分4	1		99.7	-204.8	-204.8	-204.8	-204.8	22.5	-204.8	-204.8
16点32分4	1		100.6	-204.8	-204.8	-204.8	-204.8	22.5	-204.8	-204.8
16点32分4	1		101.6	-204.8	-204.8	-204.8	-204.8	22.5	-204.8	-204.8
16点32分4	1		102.6	-204.8	-204.8	-204.8	-204.8	22.5	-204.8	-204.8
16点32分4	1		103.7	-204.8	-204.8	-204.8	-204.8	22.5	-204.8	-204.8
16点32分4	1		104.8	-204.8	-204.8	-204.8	-204.8	22.5	-204.8	-204.8
16点32分4	1		106.7	-204.8	-204.8	-204.8	-204.8	22.5	-204.8	-204.8
16点32分4	1		107.6	-204.8	-204.8	-204.8	-204.8	22.5	-204.8	-204.8
16点32分4	1		108.4	-204.8	-204.8	-204.8	-204.8	22.5	-204.8	-204.8
16点32分5	1		109.2	-204.8	-204.8	-204.8	-204.8	22.5	-204.8	-204.8
16点32分5	1		110.1	-204.8	-204.8	-204.8	-204.8	22.5	-204.8	-204.8
16点32分5	1		111.0	-204.8	-204.8	-204.8	-204.8	22.5	-204.8	-204.8
16点32分5	1		112.4	-204.8	-204.8	-204.8	-204.8	22.5	-204.8	-204.8
16点32分5	1		113.1	-204.8	-204.8	-204.8	-204.8	22.5	-204.8	-204.8
16点32分5	1		113.9	-204.8	-204.8	-204.8	-204.8	22.5	-204.8	-204.8
16点32分5	1		114.7	-204.8	-204.8	-204.8	-204.8	22.5	-204.8	-204.8
16点32分5	1		115.3	-204.8	-204.8	-204.8	-204.8	22.5	-204.8	-204.8
16点32分5	1		115.9	-204.8	-204.8	-204.8	-204.8	22.5	-204.8	-204.8
16点32分5	1		117.4	-204.8	-204.8	-204.8	-204.8	22.5	-204.8	-204.8
16点33分0	1		118.0	-204.8	-204.8	-204.8	-204.8	22.5	-204.8	-204.8
16点33分0	1		118.5	-204.8	-204.8	-204.8	-204.8	22.5	-204.8	-204.8
16点33分0	1		119.2	-204.8	-204.8	-204.8	-204.8	22.5	-204.8	-204.8
16点33分0	1		119.7	-204.8	-204.8	-204.8	-204.8	22.5	-204.8	-204.8
16点33分0	1		120.2	-204.8	-204.8	-204.8	-204.8	22.5	-204.8	-204.8
16点33分0	1		121.2	-204.8	-204.8	-204.8	-204.8	22.5	-204.8	-204.8
16点33分0	1		121.7	-204.8	-204.8	-204.8	-204.8	22.5	-204.8	-204.8
16点33分0	1		122.5	-204.8	-204.8	-204.8	-204.8	22.5	-204.8	-204.8
16点33分0	1		123.1	-204.8	-204.8	-204.8	-204.8	22.5	-204.8	-204.8
16点33分1	1		123.5	-204.8	-204.8	-204.8	-204.8	22.5	-204.8	-204.8
16点33分1	1		124.1	-204.8	-204.8	-204.8	-204.8	22.5	-204.8	-204.8
16点33分1	1		125.2	-204.8	-204.8	-204.8	-204.8	22.5	-204.8	-204.8
16点33分1	1		125.8	-204.8	-204.8	-204.8	-204.8	22.5	-204.8	-204.8
16点33分1	1		126.2	-204.8	-204.8	-204.8	-204.8	22.5	-204.8	-204.8
16点33分1	1		126.5	-204.8	-204.8	-204.8	-204.8	22.5	-204.8	-204.8
16点33分1	1		126.9	-204.8	-204.8	-204.8	-204.8	22.5	-204.8	-204.8
16点33分1	1		127.2	-204.8	-204.8	-204.8	-204.8	22.5	-204.8	-204.8
16点33分1	1		127.7	-204.8	-204.8	-204.8	-204.8	22.5	-204.8	-204.8
16点33分1	1		128.1	-204.8	-204.8	-204.8	-204.8	22.5	-204.8	-204.8
16点33分2	1		128.3	-204.8	-204.8	-204.8	-204.8	22.5	-204.8	-204.8
16点33分2	1		128.5	-204.8	-204.8	-204.8	-204.8	22.5	-204.8	-204.8
16点33分2	1		128.9	-204.8	-204.8	-204.8	-204.8	22.5	-204.8	-204.8
16点33分2	1		129.3	-204.8	-204.8	-204.8	-204.8	22.5	-204.8	-204.8
16点33分2	1		130.1	-204.8	-204.8	-204.8	-204.8	22.5	-204.8	-204.8
16点33分2	1		130.5	-204.8	-204.8	-204.8	-204.8	22.5	-204.8	-204.8
16点33分2	1		131.0	-204.8	-204.8	-204.8	-204.8	22.5	-204.8	-204.8
16点33分2	1		131.5	-204.8	-204.8	-204.8	-204.8	22.6	-204.8	-204.8
16点33分2	1		131.9	-204.8	-204.8	-204.8	-204.8	22.5	-204.8	-204.8
16点33分3	1		132.4	-204.8	-204.8	-204.8	-204.8	22.6	-204.8	-204.8
16点33分3	1		133.3	-204.8	-204.8	-204.8	-204.8	22.6	-204.8	-204.8
16点33分3	1		132.9	-204.8	-204.8	-204.8	-204.8	22.5	-204.8	-204.8
16点33分3	1		131.7	-204.8	-204.8	-204.8	-204.8	22.6	-204.8	-204.8
16点33分3	1		130.4	-204.8	-204.8	-204.8	-204.8	22.6	-204.8	-204.8
16点33分3	1		128.8	-204.8	-204.8	-204.8	-204.8	22.6	-204.8	-204.8
16点33分3	1		127.2	-204.8	-204.8	-204.8	-204.8	22.6	-204.8	-204.8
16点33分3	1		123.9	-204.8	-204.8	-204.8	-204.8	22.6	-204.8	-204.8
16点33分3	1		122.4	-204.8	-204.8	-204.8	-204.8	22.6	-204.8	-204.8
16点33分3	1		120.9	-204.8	-204.8	-204.8	-204.8	22.6	-204.8	-204.8
16点33分4	1		119.4	-204.8	-204.8	-204.8	-204.8	22.6	-204.8	-204.8
16点33分4	1		118.1	-204.8	-204.8	-204.8	-204.8	22.6	-204.8	-204.8
16点33分4	1		116.8	-204.8	-204.8	-204.8	-204.8	22.6	-204.8	-204.8
16点33分4	1		113.9	-204.8	-204.8	-204.8	-204.8	22.6	-204.8	-204.8
16点33分4	1		112.7	-204.8	-204.8	-204.8	-204.8	22.6	-204.8	-204.8
16点33分4	1		111.5	-204.8	-204.8	-204.8	-204.8	22.6	-204.8	-204.8
16点33分4	1		110.3	-204.8	-204.8	-204.8	-204.8	22.6	-204.8	-204.8
16点33分4	1		109.1	-204.8	-204.8	-204.8	-204.8	22.6	-204.8	-204.8
16点33分4	1		107.8	-204.8	-204.8	-204.8	-204.8	22.6	-204.8	-204.8
16点33分5	1		105.5	-204.8	-204.8	-204.8	-204.8	22.6	-204.8	-204.8
16点33分5	1		104.4	-204.8	-204.8	-204.8	-204.8	22.6	-204.8	-204.8
16点33分5	1		103.2	-204.8	-204.8	-204.8	-204.8	22.6	-204.8	-204.8
16点33分5	1		102.1	-204.8	-204.8	-204.8	-204.8	22.6	-204.8	-204.8
16点33分5	1		100.9	-204.8	-204.8	-204.8	-204.8	22.6	-204.8	-204.8
16点33分5	1		99.8	-204.8	-204.8	-204.8	-204.8	22.6	-204.8	-204.8
16点33分5	1		97.6	-204.8	-204.8	-204.8	-204.8	22.6	-204.8	-204.8
16点33分5	1		96.6	-204.8	-204.8	-204.8	-204.8	22.6	-204.8	-204.8
16点33分5	1		95.5	-204.8	-204.8	-204.8	-204.8	22.6	-204.8	-204.8
16点33分5	1		94.6	-204.8	-204.8	-204.8	-204.8	22.6	-204.8	-204.8
16点34分0	1		93.7	-204.8	-204.8	-204.8	-204.8	22.6	-204.8	-204.8
16点34分0	1		92.9	-204.8	-204.8	-204.8	-204.8	22.6	-204.8	-204.8
16点34分0	1		91.2	-204.8	-204.8	-204.8	-204.8	22.6	-204.8	-204.8
16点34分0	1		90.3	-204.8	-204.8	-204.8	-204.8	22.6	-204.8	-204.8
16点34分0	1		89.4	-204.8	-204.8	-204.8	-204.8	22.6	-204.8	-204.8
16点34分0	1		88.5	-204.8	-204.8	-204.8	-204.8	22.6	-204.8	-204.8
16点34分0	1		87.7	-204.8	-204.8	-204.8	-204.8	22.6	-204.8	-204.8
16点34分0	1		86.9	-204.8	-204.8	-204.8	-204.8	22.6	-204.8	-204.8
16点34分0	1		85.2	-204.8	-204.8	-204.8	-204.8	22.6	-204.8	-204.8
16点34分1	1		84.4	-204.8	-204.8	-204.8	-204.8	22.6	-204.8	-204.8
16点34分1	1		83.5	-204.8	-204.8	-204.8	-204.8	22.6	-204.8	-204.8
16点34分1	1		82.7	-204.8	-204.8	-204.8	-204.8	22.6	-204.8	-204.8
16点34分1	1		81.9	-204.8	-204.8	-204.8	-204.8	22.6	-204.8	-204.8
16点34分1	1		81.1	-204.8	-204.8	-204.8	-204.8	22.6	-204.8	-204.8
16点34分1	1		79.6	-204.8	-204.8	-204.8	-204.8	22.6	-204.8	-204.8
16点34分1	1		78.8	-204.8	-204.8	-204.8	-204.8	22.6	-204.8	-204.8
16点34分1	1		78.1	-204.8	-204.8	-204.8	-204.8	22.6	-204.8	-204.8
16点34分1	1		77.5	-204.8	-204.8	-204.8	-204.8	22.6	-204.8	-204.8
16点34分1	1		76.9	-204.8	-204.8	-204.8	-204.8	22.6	-204.8	-204.8
16点34分2	1		76.3	-204.8	-204.8	-204.8	-204.8	22.6	-204.8	-204.8
16点34分2	1		75.1	-204.8	-204.8	-204.8	-204.8	22.6	-204.8	-204.8
16点34分2	1		74.6	-204.8	-204.8	-204.8	-204.8	22.6	-204.8	-204.8
16点34分2	1		74.0	-204.8	-204.8	-204.8	-204.8	22.6	-204.8	-204.8
16点34分2	1		73.5	-204.8	-204.8	-204.8	-204.8	22.6	-204.8	-204.8
16点34分2	1		72.9	-204.8	-204.8	-204.8	-204.8	22.6	-204.8	-204.8
16点34分2	1		72.3	-204.8	-204.8	-204.8	-204.8	22.6	-204.8	-204.8
16点34分2	1		71.2	-204.8	-204.8	-204.8	-204.8	22.6	-204.8	-204.8
16点34分2	1		70.8	-204.8	-204.8	-204.8	-204.8	22.6	-204.8	-204.8
16点34分3	1		70.3	-204.8	-204.8	-204.8	-204.8	22.6	-204.8	-204.8
16点34分3	1		69.8	-204.8	-204.8	-204.8	-204.8	22.6	-204.8	-204.8
16点34分3	1		69.3	-204.8	-204.8	-204.8	-204.8	22.6	-204.8	-204.8
16点34分3	1		68.7	-204.8	-204.8	-204.8	-204.8	22.6	-204.8	-204.8
16点34分3	1		67.5	-204.8	-204.8	-204.8	-204.8	22.6	-204.8	-204.8
16点34分3	1		66.9	-204.8	-204.8	-204.8	-204.8	22.6	-204.8	-204.8
16点34分3	1		66.3	-204.8	-204.8	-204.8	-204.8	22.6	-204.8	-204.8
16点34分3	1		65.7	-204.8	-204.8	-204.8	-204.8	22.6	-204.8	-204.8
16点34分3	1		65.3	-204.8	-204.8	-204.8	-204.8	22.6	-204.8	-204.8
16点34分3	1		64.8	-204.8	-204.8	-204.8	-204.8	22.6	-204.8	-204.8
16点34分4	1		64.1	-204.8	-204.8	-204.8	-204.8	22.6	-204.8	-204.8
16点34分4	1		63.7	-204.8	-204.8	-204.8	-204.8	22.6	-204.8	-204.8
16点34分4	1		63.3	-204.8	-204.8	-204.8	-204.8	22.6	-204.8	-204.8
16点34分4	1		62.9	-204.8	-204.8	-204.8	-204.8	22.6	-204.8	-204.8
16点34分4	1		62.4	-204.8	-204.8	-204.8	-204.8	22.6	-204.8	-204.8
16点34分4	1		61.9	-204.8	-204.8	-204.8	-204.8	22.6	-204.8	-204.8
16点34分4	1		60.9	-204.8	-204.8	-204.8	-204.8	22.6	-204.8	-204.8
16点34分4	1		60.3	-204.8	-204.8	-204.8	-204.8	22.6	-204.8	-204.8
16点34分4	1		59.6	-204.8	-204.8	-204.8	-204.8	22.6	-204.8	-204.8
16点34分5	1		59.0	-204.8	-204.8	-204.8	-204.8	22.6	-204.8	-204.8
16点34分5	1		58.4	-204.8	-204.8	-204.8	-204.8	22.6	-204.8	-204.8
16点34分5	1		58.0	-204.8	-204.8	-204.8	-204.8	22.6	-204.8	-204.8
16点34分5	1		56.9	-204.8	-204.8	-204.8	-204.8	22.6	-204.8	-204.8
16点34分5	1		56.4	-204.8	-204.8	-204.8	-204.8	22.6	-204.8	-204.8
16点34分5	1		55.9	-204.8	-204.8	-204.8	-204.8	22.6	-204.8	-204.8
16点34分5	1		55.5	-204.8	-204.8	-204.8	-204.8	22.6	-204.8	-204.8
16点34分5	1		55.1	-204.8	-204.8	-204.8	-204.8	22.6	-204.8	-204.8
16点34分5	1		54.8	-204.8	-204.8	-204.8	-204.8	22.6	-204.8	-204.8
16点34分5	1		54.0	-204.8	-204.8	-204.8	-204.8	22.6	-204.8	-204.8
16点35分0	1		53.5	-204.8	-204.8	-204.8	-204.8	22.6	-204.8	-204.8
16点35分0	1		53.1	-204.8	-204.8	-204.8	-204.8	22.6	-204.8	-204.8
16点35分0	1		52.6	-204.8	-204.8	-204.8	-204.8	22.6	-204.8	-204.8
16点35分0	1		52.1	-204.8	-204.8	-204.8	-204.8	22.6	-204.8	-204.8
16点35分0	1		51.7	-204.8	-204.8	-204.8	-204.8	22.6	-204.8	-204.8
16点35分0	1		50.7	-204.8	-204.8	-204.8	-204.8	22.6	-204.8	-204.8
16点35分0	1		50.2	-204.8	-204.8	-204.8	-204.8	22.6	-204.8	-204.8
16点35分0	1		49.6	-204.8	-204.8	-204.8	-204.8	22.6	-204.8	-204.8
16点35分0	1		48.9	-204.8	-204.8	-204.8	-204.8	22.6	-204.8	-204.8
16点35分1	1		48.2	-204.8	-204.8	-204.8	-204.8	22.6	-204.8	-204.8
16点35分1	1		47.9	-204.8	-204.8	-204.8	-204.8	22.6	-204.8	-204.8
16点35分1	1		47.5	-204.8	-204.8	-204.8	-204.8	22.6	-204.8	-204.8
16点35分1	1		47.2	-204.8	-204.8	-204.8	-204.8	22.6	-204.8	-204.8
16点35分1	1		46.9	-204.8	-204.8	-204.8	-204.8	22.6	-204.8	-204.8
16点35分1	1		44.9	-204.8	-204.8	-204.8	-204.8	22.6	-204.8	-204.8
16点35分1	1		43.9	-204.8	-204.8	-204.8	-204.8	22.6	-204.8	-204.8
16点35分1	1		43.2	-204.8	-204.8	-204.8	-204.8	22.6	-204.8	-204.8
16点35分1	1		42.5	-204.8	-204.8	-204.8	-204.8	22.6	-204.8	-204.8
16点35分1	1		42.3	-204.8	-204.8	-204.8	-204.8	22.6	-204.8	-204.8
16点35分2	1		42.3	-204.8	-204.8	-204.8	-204.8	22.6	-204.8	-204.8
16点35分2	1		42.4	-204.8	-204.8	-204.8	-204.8	22.6	-204.8	-204.8
16点35分2	1		42.3	-204.8	-204.8	-204.8	-204.8	22.6	-204.8	-204.8
16点35分2	1		42.2	-204.8	-204.8	-204.8	-204.8	22.6	-204.8	-204.8
16点35分2	1		42.2	-204.8	-204.8	-204.8	-204.8	22.6	-204.8	-204.8
16点35分2	1		42.3	-204.8	-204.8	-204.8	-204.8	22.6	-204.8	-204.8
16点35分2	1		42.3	-204.8	-204.8	-204.8	-204.8	22.6	-204.8	-204.8
16点35分2	1		42.3	-204.8	-204.8	-204.8	-204.8	22.6	-204.8	-204.8
16点35分2	1		42.3	-204.8	-204.8	-204.8	-204.8	22.6	-204.8	-204.8
16点35分3	1		42.3	-204.8	-204.8	-204.8	-204.8	22.6	-204.8	-204.8
16点35分3	1		42.3	-204.8	-204.8	-204.8	-204.8	22.6	-204.8	-204.8
16点35分3	1		42.1	-204.8	-204.8	-204.8	-204.8	22.6	-204.8	-204.8
16点35分3	1		41.9	-204.8	-204.8	-204.8	-204.8	22.6	-204.8	-204.8
16点35分3	1		41.8	-204.8	-204.8	-204.8	-204.8	22.6	-204.8	-204.8
16点35分3	1		41.7	-204.8	-204.8	-204.8	-204.8	22.6	-204.8	-204.8
16点35分3	1		41.7	-204.8	-204.8	-204.8	-204.8	22.6	-204.8	-204.8
16点35分3	1		41.6	-204.8	-204.8	-204.8	-204.8	22.6	-204.8	-204.8
16点35分3	1		41.5	-204.8	-204.8	-204.8	-204.8	22.6	-204.8	-204.8
16点35分3	1		41.4	-204.8	-204.8	-204.8	-204.8	22.6	-204.8	-204.8
16点35分4	1		41.4	-204.8	-204.8	-204.8	-204.8	22.6	-204.8	-204.8
16点35分4	1		41.3	-204.8	-204.8	-204.8	-204.8	22.6	-204.8	-204.8
16点35分4	1		41.2	-204.8	-204.8	-204.8	-204.8	22.6	-204.8	-204.8
16点35分4	1		41.1	-204.8	-204.8	-204.8	-204.8	22.6	-204.8	-204.8
16点35分4	1		40.9	-204.8	-204.8	-204.8	-204.8	22.6	-204.8	-204.8
16点35分4	1		40.8	-204.8	-204.8	-204.8	-204.8	22.6	-204.8	-204.8
16点35分4	1		40.8	-204.8	-204.8	-204.8	-204.8	22.6	-204.8	-204.8
16点35分4	1		40.7	-204.8	-204.8	-204.8	-204.8	22.6	-204.8	-204.8
16点35分4	1		40.6	-204.8	-204.8	-204.8	-204.8	22.6	-204.8	-204.8
16点35分5	1		40.5	-204.8	-204.8	-204.8	-204.8	22.6	-204.8	-204.8
16点35分5	1		40.3	-204.8	-204.8	-204.8	-204.8	22.6	-204.8	-204.8
16点35分5	1		40.2	-204.8	-204.8	-204.8	-204.8	22.6	-204.8	-204.8
16点35分5	1		40.2	-204.8	-204.8	-204.8	-204.8	22.6	-204.8	-204.8
16点35分5	1		40.1	-204.8	-204.8	-204.8	-204.8	22.6	-204.8	-204.8
16点35分5	1		40.0	-204.8	-204.8	-204.8	-204.8	22.6	-204.8	-204.8
16点35分5	1		39.9	-204.8	-204.8	-204.8	-204.8	22.6	-204.8	-204.8
16点35分5	1		39.7	-204.8	-204.8	-204.8	-204.8	22.6	-204.8	-204.8
16点35分5	1		39.7	-204.8	-204.8	-204.8	-204.8	22.6	-204.8	-204.8
16点35分5	1		39.6	-204.8	-204.8	-204.8	-204.8	22.7	-204.8	-204.8
16点36分0	1		39.5	-204.8	-204.8	-204.8	-204.8	23.1	-204.8	-204.8
16点36分0	1		39.5	-204.8	-204.8	-204.8	-204.8	23.3	-204.8	-204.8
16点36分0	1		39.4	-204.8	-204.8	-204.8	-204.8	23.6	-204.8	-204.8
16点36分0	1		39.3	-204.8	-204.8	-204.8	-204.8	24.0	-204.8	-204.8
16点36分0	1		39.2	-204.8	-204.8	-204.8	-204.8	24.3	-204.8	-204.8
16点36分0	1		39.2	-204.8	-204.8	-204.8	-204.8	24.7	-204.8	-204.8
16点36分0	1		39.1	-204.8	-204.8	-204.8	-204.8	25.4	-204.8	-204.8
16点36分0	1		39.0	-204.8	-204.8	-204.8	-204.8	25.8	-204.8	-204.8
16点36分0	1		39.0	-204.8	-204.8	-204.8	-204.8	26.2	-204.8	-204.8
16点36分1	1		38.8	-204.8	-204.8	-204.8	-204.8	26.6	-204.8	-204.8
16点36分1	1		38.8	-204.8	-204.8	-204.8	-204.8	27.0	-204.8	-204.8
16点36分1	1		38.7	-204.8	-204.8	-204.8	-204.8	27.4	-204.8	-204.8
16点36分1	1		38.6	-204.8	-204.8	-204.8	-204.8	28.2	-204.8	-204.8
16点36分1	1		38.6	-204.8	-204.8	-204.8	-204.8	28.6	-204.8	-204.8
16点36分1	1		38.5	-204.8	-204.8	-204.8	-204.8	29.0	-204.8	-204.8
16点36分1	1		38.4	-204.8	-204.8	-204.8	-204.8	29.4	-204.8	-204.8
16点36分1	1		38.4	-204.8	-204.8	-204.8	-204.8	29.8	-204.8	-204.8
16点36分1	1		38.3	-204.8	-204.8	-204.8	-204.8	30.3	-204.8	-204.8
16点36分1	1		38.3	-204.8	-204.8	-204.8	-204.8	31.3	-204.8	-204.8
16点36分2	1		38.2	-204.8	-204.8	-204.8	-204.8	31.8	-204.8	-204.8
16点36分2	1		38.1	-204.8	-204.8	-204.8	-204.8	32.3	-204.8	-204.8
16点36分2	1		38.0	-204.8	-204.8	-204.8	-204.8	32.8	-204.8	-204.8
16点36分2	1		38.0	-204.8	-204.8	-204.8	-204.8	33.3	-204.8	-204.8
16点36分2	1		37.9	-204.8	-204.8	-204.8	-204.8	33.8	-204.8	-204.8
16点36分2	1		37.8	-204.8	-204.8	-204.8	-204.8	34.7	-204.8	-204.8
16点36分2	1		37.8	-204.8	-204.8	-204.8	-204.8	35.2	-204.8	-204.8
16点36分2	1		37.7	-204.8	-204.8	-204.8	-204.8	35.7	-204.8	-204.8
16点36分2	1		37.6	-204.8	-204.8	-204.8	-204.8	36.1	-204.8	-204.8
16点36分3	1		37.6	-204.8	-204.8	-204.8	-204.8	36.5	-204.8	-204.8
16点36分3	1		37.5	-204.8	-204.8	-204.8	-204.8	36.9	-204.8	-204.8
16点36分3	1		37.4	-204.8	-204.8	-204.8	-204.8	37.8	-204.8	-204.8
16点36分3	1		37.4	-204.8	-204.8	-204.8	-204.8	38.2	-204.8	-204.8
16点36分3	1		37.3	-204.8	-204.8	-204.8	-204.8	38.6	-204.8	-204.8
16点36分3	1		37.3	-204.8	-204.8	-204.8	-204.8	39.0	-204.8	-204.8
16点36分3	1		37.2	-204.8	-204.8	-204.8	-204.8	39.4	-204.8	-204.8
16点36分3	1		37.1	-204.8	-204.8	-204.8	-204.8	39.8	-204.8	-204.8
16点36分3	1		37.1	-204.8	-204.8	-204.8	-204.8	40.6	-204.8	-204.8
16点36分3	1		37.0	-204.8	-204.8	-204.8	-204.8	41.0	-204.8	-204.8
16点36分4	1		37.0	-204.8	-204.8	-204.8	-204.8	41.4	-204.8	-204.8
16点36分4	1		36.9	-204.8	-204.8	-204.8	-204.8	41.8	-204.8	-204.8
16点36分4	1		36.8	-204.8	-204.8	-204.8	-204.8	42.3	-204.8	-204.8
16点36分4	1		36.8	-204.8	-204.8	-204.8	-204.8	42.7	-204.8	-204.8
16点36分4	1		36.7	-204.8	-204.8	-204.8	-204.8	43.7	-204.8	-204.8
16点36分4	1		36.7	-204.8	-204.8	-204.8	-204.8	44.2	-204.8	-204.8
16点36分4	1		36.7	-204.8	-204.8	-204.8	-204.8	44.8	-204.8	-204.8
16点36分4	1		36.6	-204.8	-204.8	-204.8	-204.8	45.4	-204.8	-204.8
16点36分4	1		36.6	-204.8	-204.8	-204.8	-204.8	45.9	-204.8	-204.8
16点36分5	1		36.5	-204.8	-204.8	-204.8	-204.8	46.5	-204.8	-204.8
16点36分5	1		36.5	-204.8	-204.8	-204.8	-204.8	47.7	-204.8	-204.8
16点36分5	1		36.4	-204.8	-204.8	-204.8	-204.8	48.3	-204.8	-204.8
16点36分5	1		36.4	-204.8	-204.8	-204.8	-204.8	48.9	-204.8	-204.8
16点36分5	1		36.3	-204.8	-204.8	-204.8	-204.8	49.5	-204.8	-204.8
16点36分5	1		36.3	-204.8	-204.8	-204.8	-204.8	50.1	-204.8	-204.8
16点36分5	1		36.3	-204.8	-204.8	-204.8	-204.8	50.6	-204.8	-204.8
16点36分5	1		36.2	-204.8	-204.8	-204.8	-204.8	51.8	-204.8	-204.8
16点36分5	1		36.1	-204.8	-204.8	-204.8	-204.8	52.3	-204.8	-204.8
16点36分5	1		36.1	-204.8	-204.8	-204.8	-204.8	52.9	-204.8	-204.8
16点37分0	1		36.1	-204.8	-204.8	-204.8	-204.8	53.4	-204.8	-204.8
16点37分0	1		36.0	-204.8	-204.8	-204.8	-204.8	53.9	-204.8	-204.8
16点37分0	1		36.0	-204.8	-204.8	-204.8	-204.8	54.4	-204.8	-204.8
16点37分0	1		35.9	-204.8	-204.8	-204.8	-204.8	55.6	-204.8	-204.8
16点37分0	1		35.9	-204.8	-204.8	-204.8	-204.8	56.2	-204.8	-204.8
16点37分0	1		35.8	-204.8	-204.8	-204.8	-204.8	56.9	-204.8	-204.8
16点37分0	1		35.7	-204.8	-204.8	-204.8	-204.8	57.5	-204.8	-204.8
16点37分0	1		35.7	-204.8	-204.8	-204.8	-204.8	58.2	-204.8	-204.8
16点37分0	1		35.7	-204.8	-204.8	-204.8	-204.8	58.9	-204.8	-204.8
16点37分1	1		35.6	-204.8	-204.8	-204.8	-204.8	60.3	-204.8	-204.8
16点37分1	1		35.6	-204.8	-204.8	-204.8	-204.8	61.0	-204.8	-204.8
16点37分1	1		35.6	-204.8	-204.8	-204.8	-204.8	61.7	-204.8	-204.8
16点37分1	1		35.5	-204.8	-204.8	-204.8	-204.8	62.5	-204.8	-204.8
16点37分1	1		35.5	-204.8	-204.8	-204.8	-204.8	63.3	-204.8	-204.8
16点37分1	1		35.4	-204.8	-204.8	-204.8	-204.8	64.1	-204.8	-204.8
16点37分1	1		35.3	-204.8	-204.8	-204.8	-204.8	65.7	-204.8	-204.8
16点37分1	1		35.3	-204.8	-204.8	-204.8	-204.8	66.5	-204.8	-204.8
16点37分1	1		35.3	-204.8	-204.8	-204.8	-204.8	67.3	-204.8	-204.8
16点37分1	1		35.2	-204.8	-204.8	-204.8	-204.8	68.1	-204.8	-204.8
16点37分2	1		35.2	-204.8	-204.8	-204.8	-204.8	68.9	-204.8	-204.8
16点37分2	1		35.1	-204.8	-204.8	-204.8	-204.8	69.7	-204.8	-204.8
16点37分2	1		35.1	-204.8	-204.8	-204.8	-204.8	71.1	-204.8	-204.8
16点37分2	1		35.1	-204.8	-204.8	-204.8	-204.8	71.8	-204.8	-204.8
16点37分2	1		35.0	-204.8	-204.8	-204.8	-204.8	72.5	-204.8	-204.8
16点37分2	1		34.9	-204.8	-204.8	-204.8	-204.8	73.2	-204.8	-204.8
16点37分2	1		34.9	-204.8	-204.8	-204.8	-204.8	73.8	-204.8	-204.8
16点37分2	1		34.8	-204.8	-204.8	-204.8	-204.8	74.5	-204.8	-204.8
16点37分2	1		34.8	-204.8	-204.8	-204.8	-204.8	75.8	-204.8	-204.8
16点37分3	1		34.8	-204.8	-204.8	-204.8	-204.8	76.4	-204.8	-204.8
16点37分3	1		34.7	-204.8	-204.8	-204.8	-204.8	77.0	-204.8	-204.8
16点37分3	1		34.7	-204.8	-204.8	-204.8	-204.8	77.6	-204.8	-204.8
16点37分3	1		34.6	-204.8	-204.8	-204.8	-204.8	78.3	-204.8	-204.8
16点37分3	1		34.6	-204.8	-204.8	-204.8	-204.8	78.9	-204.8	-204.8
16点37分3	1		34.6	-204.8	-204.8	-204.8	-204.8	80.1	-204.8	-204.8
16点37分3	1		34.6	-204.8	-204.8	-204.8	-204.8	80.7	-204.8	-204.8
16点37分3	1		34.5	-204.8	-204.8	-204.8	-204.8	81.3	-204.8	-204.8
16点37分3	1		34.5	-204.8	-204.8	-204.8	-204.8	81.9	-204.8	-204.8
16点37分3	1		34.5	-204.8	-204.8	-204.8	-204.8	82.5	-204.8	-204.8
16点37分4	1		34.5	-204.8	-204.8	-204.8	-204.8	83.1	-204.8	-204.8
16点37分4	1		34.4	-204.8	-204.8	-204.8	-204.8	84.3	-204.8	-204.8
16点37分4	1		34.4	-204.8	-204.8	-204.8	-204.8	84.9	-204.8	-204.8
16点37分4	1		34.4	-204.8	-204.8	-204.8	-204.8	85.5	-204.8	-204.8
16点37分4	1		34.3	-204.8	-204.8	-204.8	-204.8	86.1	-204.8	-204.8
16点37分4	1		34.3	-204.8	-204.8	-204.8	-204.8	86.6	-204.8	-204.8
16点37分4	1		34.3	-204.8	-204.8	-204.8	-204.8	87.3	-204.8	-204.8
16点37分4	1		34.3	-204.8	-204.8	-204.8	-204.8	88.4	-204.8	-204.8
16点37分4	1		34.2	-204.8	-204.8	-204.8	-204.8	89.0	-204.8	-204.8
16点37分5	1		34.2	-204.8	-204.8	-204.8	-204.8	89.6	-204.8	-204.8
16点37分5	1		34.2	-204.8	-204.8	-204.8	-204.8	90.2	-204.8	-204.8
16点37分5	1		34.1	-204.8	-204.8	-204.8	-204.8	90.8	-204.8	-204.8
16点37分5	1		34.1	-204.8	-204.8	-204.8	-204.8	91.4	-204.8	-204.8
16点37分5	1		34.1	-204.8	-204.8	-204.8	-204.8	92.6	-204.8	-204.8
16点37分5	1		34.0	-204.8	-204.8	-204.8	-204.8	93.2	-204.8	-204.8
16点37分5	1		34.0	-204.8	-204.8	-204.8	-204.8	93.8	-204.8	-204.8
16点37分5	1		34.0	-204.8	-204.8	-204.8	-204.8	94.3	-204.8	-204.8
16点37分5	1		33.9	-204.8	-204.8	-204.8	-204.8	94.9	-204.8	-204.8
16点37分5	1		33.9	-204.8	-204.8	-204.8	-204.8	95.5	-204.8	-204.8
16点38分0	1		33.9	-204.8	-204.8	-204.8	-204.8	96.6	-204.8	-204.8
16点38分0	1		33.8	-204.8	-204.8	-204.8	-204.8	97.1	-204.8	-204.8
16点38分0	1		33.8	-204.8	-204.8	-204.8	-204.8	97.6	-204.8	-204.8
16点38分0	1		33.8	-204.8	-204.8	-204.8	-204.8	98.2	-204.8	-204.8
16点38分0	1		33.8	-204.8	-204.8	-204.8	-204.8	98.7	-204.8	-204.8
16点38分0	1		33.7	-204.8	-204.8	-204.8	-204.8	99.2	-204.8	-204.8
16点38分0	1		33.7	-204.8	-204.8	-204.8	-204.8	99.7	-204.8	-204.8
16点38分0	1		33.7	-204.8	-204.8	-204.8	-204.8	100.7	-204.8	-204.8
16点38分0	1		33.7	-204.8	-204.8	-204.8	-204.8	101.2	-204.8	-204.8
16点38分1	1		33.6	-204.8	-204.8	-204.8	-204.8	101.7	-204.8	-204.8
16点38分1	1		33.6	-204.8	-204.8	-204.8	-204.8	102.2	-204.8	-204.8
16点38分1	1		33.6	-204.8	-204.8	-204.8	-204.8	102.7	-204.8	-204.8
16点38分1	1		33.5	-204.8	-204.8	-204.8	-204.8	103.2	-204.8	-204.8
16点38分1	1		33.5	-204.8	-204.8	-204.8	-204.8	104.2	-204.8	-204.8
16点38分1	1		33.5	-204.8	-204.8	-204.8	-204.8	104.7	-204.8	-204.8
16点38分1	1		33.4	-204.8	-204.8	-204.8	-204.8	105.1	-204.8	-204.8
16点38分1	1		33.3	-204.8	-204.8	-204.8	-204.8	105.6	-204.8	-204.8
16点38分1	1		33.3	-204.8	-204.8	-204.8	-204.8	106.1	-204.8	-204.8
16点38分1	1		33.3	-204.8	-204.8	-204.8	-204.8	106.6	-204.8	-204.8
16点38分2	1		33.3	-204.8	-204.8	-204.8	-204.8	107.4	-204.8	-204.8
16点38分2	1		33.3	-204.8	-204.8	-204.8	-204.8	107.8	-204.8	-204.8
16点38分2	1		33.3	-204.8	-204.8	-204.8	-204.8	108.2	-204.8	-204.8
16点38分2	1		33.3	-204.8	-204.8	-204.8	-204.8	108.7	-204.8	-204.8
16点38分2	1		33.3	-204.8	-204.8	-204.8	-204.8	109.1	-204.8	-204.8
16点38分2	1		33.3	-204.8	-204.8	-204.8	-204.8	109.5	-204.8	-204.8
16点38分2	1		33.2	-204.8	-204.8	-204.8	-204.8	110.3	-204.8	-204.8
16点38分2	1		33.2	-204.8	-204.8	-204.8	-204.8	110.7	-204.8	-204.8
16点38分2	1		33.2	-204.8	-204.8	-204.8	-204.8	111.1	-204.8	-204.8
16点38分3	1		33.1	-204.8	-204.8	-204.8	-204.8	111.6	-204.8	-204.8
16点38分3	1		33.1	-204.8	-204.8	-204.8	-204.8	112.0	-204.8	-204.8
16点38分3	1		33.1	-204.8	-204.8	-204.8	-204.8	112.4	-204.8	-204.8
16点38分3	1		33.1	-204.8	-204.8	-204.8	-204.8	113.3	-204.8	-204.8
16点38分3	1		33.0	-204.8	-204.8	-204.8	-204.8	113.7	-204.8	-204.8
16点38分3	1		33.0	-204.8	-204.8	-204.8	-204.8	114.1	-204.8	-204.8
16点38分3	1		33.0	-204.8	-204.8	-204.8	-204.8	114.6	-204.8	-204.8
16点38分3	1		33.0	-204.8	-204.8	-204.8	-204.8	115.0	-204.8	-204.8
16点38分3	1		32.9	-204.8	-204.8	-204.8	-204.8	115.4	-204.8	-204.8
16点38分3	1		32.9	-204.8	-204.8	-204.8	-204.8	116.1	-204.8	-204.8
16点38分4	1		32.9	-204.8	-204.8	-204.8	-204.8	116.5	-204.8	-204.8
16点38分4	1		32.9	-204.8	-204.8	-204.8	-204.8	116.8	-204.8	-204.8
16点38分4	1		32.8	-204.8	-204.8	-204.8	-204.8	117.2	-204.8	-204.8
16点38分4	1		32.8	-204.8	-204.8	-204.8	-204.8	117.6	-204.8	-204.8
16点38分4	1		32.8	-204.8	-204.8	-204.8	-204.8	118.0	-204.8	-204.8
16点38分4	1		32.8	-204.8	-204.8	-204.8	-204.8	118.7	-204.8	-204.8
16点38分4	1		32.7	-204.8	-204.8	-204.8	-204.8	119.1	-204.8	-204.8
16点38分4	1		32.7	-204.8	-204.8	-204.8	-204.8	119.4	-204.8	-204.8
16点38分4	1		32.7	-204.8	-204.8	-204.8	-204.8	119.8	-204.8	-204.8
16点38分5	1		32.7	-204.8	-204.8	-204.8	-204.8	120.1	-204.8	-204.8
16点38分5	1		32.7	-204.8	-204.8	-204.8	-204.8	120.5	-204.8	-204.8
16点38分5	1		32.6	-204.8	-204.8	-204.8	-204.8	121.2	-204.8	-204.8
16点38分5	1		32.6	-204.8	-204.8	-204.8	-204.8	121.6	-204.8	-204.8
16点38分5	1		32.6	-204.8	-204.8	-204.8	-204.8	121.9	-204.8	-204.8
16点38分5	1		32.6	-204.8	-204.8	-204.8	-204.8	122.3	-204.8	-204.8
16点38分5	1		32.6	-204.8	-204.8	-204.8	-204.8	122.6	-204.8	-204.8
16点38分5	1		32.5	-204.8	-204.8	-204.8	-204.8	123.0	-204.8	-204.8
16点38分5	1		32.5	-204.8	-204.8	-204.8	-204.8	123.6	-204.8	-204.8
16点38分5	1		32.5	-204.8	-204.8	-204.8	-204.8	124.0	-204.8	-204.8
16点39分0	1		32.5	-204.8	-204.8	-204.8	-204.8	124.3	-204.8	-204.8
16点39分0	1		32.4	-204.8	-204.8	-204.8	-204.8	124.6	-204.8	-204.8
16点39分0	1		32.4	-204.8	-204.8	-204.8	-204.8	125.0	-204.8	-204.8
16点39分0	1		32.4	-204.8	-204.8	-204.8	-204.8	125.3	-204.8	-204.8
16点39分0	1		32.4	-204.8	-204.8	-204.8	-204.8	126.1	-204.8	-204.8
16点39分0	1		32.3	-204.8	-204.8	-204.8	-204.8	126.5	-204.8	-204.8
16点39分0	1		32.3	-204.8	-204.8	-204.8	-204.8	126.8	-204.8	-204.8
16点39分0	1		32.3	-204.8	-204.8	-204.8	-204.8	127.2	-204.8	-204.8
16点39分0	1		32.3	-204.8	-204.8	-204.8	-204.8	127.5	-204.8	-204.8
16点39分1	1		32.3	-204.8	-204.8	-204.8	-204.8	127.8	-204.8	-204.8
16点39分1	1		32.3	-204.8	-204.8	-204.8	-204.8	128.5	-204.8	-204.8
16点39分1	1		32.3	-204.8	-204.8	-204.8	-204.8	128.8	-204.8	-204.8
16点39分1	1		32.2	-204.8	-204.8	-204.8	-204.8	129.2	-204.8	-204.8
16点39分1	1		32.2	-204.8	-204.8	-204.8	-204.8	129.5	-204.8	-204.8
16点39分1	1		32.2	-204.8	-204.8	-204.8	-204.8	129.8	-204.8	-204.8
16点39分1	1		32.2	-204.8	-204.8	-204.8	-204.8	130.1	-204.8	-204.8
16点39分1	1		32.2	-204.8	-204.8	-204.8	-204.8	130.8	-204.8	-204.8
16点39分1	1		32.2	-204.8	-204.8	-204.8	-204.8	131.1	-204.8	-204.8
16点39分1	1		32.1	-204.8	-204.8	-204.8	-204.8	131.3	-204.8	-204.8
16点39分2	1		32.1	-204.8	-204.8	-204.8	-204.8	131.6	-204.8	-204.8
16点39分2	1		32.1	-204.8	-204.8	-204.8	-204.8	131.8	-204.8	-204.8
16点39分2	1		32.1	-204.8	-204.8	-204.8	-204.8	131.9	-204.8	-204.8
16点39分2	1		32.1	-204.8	-204.8	-204.8	-204.8	131.7	-204.8	-204.8
16点39分2	1		32.1	-204.8	-204.8	-204.8	-204.8	131.4	-204.8	-204.8
16点39分2	1		32.0	-204.8	-204.8	-204.8	-204.8	131.1	-204.8	-204.8
16点39分2	1		32.0	-204.8	-204.8	-204.8	-204.8	130.8	-204.8	-204.8
16点39分2	1		32.0	-204.8	-204.8	-204.8	-204.8	130.4	-204.8	-204.8
16点39分2	1		32.0	-204.8	-204.8	-204.8	-204.8	130.0	-204.8	-204.8
16点39分3	1		32.0	-204.8	-204.8	-204.8	-204.8	129.1	-204.8	-204.8
16点39分3	1		32.0	-204.8	-204.8	-204.8	-204.8	128.7	-204.8	-204.8
16点39分3	1		31.9	-204.8	-204.8	-204.8	-204.8	128.2	-204.8	-204.8
16点39分3	1		31.9	-204.8	-204.8	-204.8	-204.8	127.7	-204.8	-204.8
16点39分3	1		31.9	-204.8	-204.8	-204.8	-204.8	127.3	-204.8	-204.8
16点39分3	1		31.8	-204.8	-204.8	-204.8	-204.8	126.7	-204.8	-204.8
16点39分3	1		31.8	-204.8	-204.8	-204.8	-204.8	125.7	-204.8	-204.8
16点39分3	1		31.8	-204.8	-204.8	-204.8	-204.8	125.1	-204.8	-204.8
16点39分3	1		31.8	-204.8	-204.8	-204.8	-204.8	124.6	-204.8	-204.8
16点39分3	1		31.7	-204.8	-204.8	-204.8	-204.8	124.0	-204.8	-204.8
16点39分4	1		31.7	-204.8	-204.8	-204.8	-204.8	123.5	-204.8	-204.8
16点39分4	1		31.7	-204.8	-204.8	-204.8	-204.8	122.9	-204.8	-204.8
16点39分4	1		31.7	-204.8	-204.8	-204.8	-204.8	121.8	-204.8	-204.8
16点39分4	1		31.7	-204.8	-204.8	-204.8	-204.8	121.2	-204.8	-204.8
16点39分4	1		31.7	-204.8	-204.8	-204.8	-204.8	120.6	-204.8	-204.8
16点39分4	1		31.6	-204.8	-204.8	-204.8	-204.8	120.1	-204.8	-204.8
16点39分4	1		31.6	-204.8	-204.8	-204.8	-204.8	119.5	-204.8	-204.8
16点39分4	1		31.6	-204.8	-204.8	-204.8	-204.8	119.0	-204.8	-204.8
16点39分4	1		31.6	-204.8	-204.8	-204.8	-204.8	118.0	-204.8	-204.8
16点39分5	1		31.6	-204.8	-204.8	-204.8	-204.8	117.5	-204.8	-204.8
16点39分5	1		31.6	-204.8	-204.8	-204.8	-204.8	117.0	-204.8	-204.8
16点39分5	1		31.5	-204.8	-204.8	-204.8	-204.8	116.5	-204.8	-204.8
16点39分5	1		31.5	-204.8	-204.8	-204.8	-204.8	116.0	-204.8	-204.8
16点39分5	1		31.5	-204.8	-204.8	-204.8	-204.8	115.5	-204.8	-204.8
16点39分5	1		31.5	-204.8	-204.8	-204.8	-204.8	114.5	-204.8	-204.8
16点39分5	1		31.5	-204.8	-204.8	-204.8	-204.8	114.0	-204.8	-204.8
16点39分5	1		31.5	-204.8	-204.8	-204.8	-204.8	113.5	-204.8	-204.8
16点39分5	1		31.5	-204.8	-204.8	-204.8	-204.8	113.1	-204.8	-204.8
16点39分5	1		31.4	-204.8	-204.8	-204.8	-204.8	112.6	-204.8	-204.8
16点40分0	1		31.4	-204.8	-204.8	-204.8	-204.8	112.1	-204.8	-204.8
16点40分0	1		31.4	-204.8	-204.8	-204.8	-204.8	111.2	-204.8	-204.8
16点40分0	1		31.4	-204.8	-204.8	-204.8	-204.8	110.8	-204.8	-204.8
16点40分0	1		31.3	-204.8	-204.8	-204.8	-204.8	110.3	-204.8	-204.8
16点40分0	1		31.3	-204.8	-204.8	-204.8	-204.8	109.9	-204.8	-204.8
16点40分0	1		31.3	-204.8	-204.8	-204.8	-204.8	109.5	-204.8	-204.8
16点40分0	1		31.3	-204.8	-204.8	-204.8	-204.8	109.1	-204.8	-204.8
16点40分0	1		31.3	-204.8	-204.8	-204.8	-204.8	108.2	-204.8	-204.8
16点40分0	1		31.3	-204.8	-204.8	-204.8	-204.8	107.8	-204.8	-204.8
16点40分1	1		31.3	-204.8	-204.8	-204.8	-204.8	107.4	-204.8	-204.8
16点40分1	1		31.2	-204.8	-204.8	-204.8	-204.8	107.0	-204.8	-204.8
16点40分1	1		31.2	-204.8	-204.8	-204.8	-204.8	106.6	-204.8	-204.8
16点40分1	1		31.2	-204.8	-204.8	-204.8	-204.8	106.3	-204.8	-204.8
16点40分1	1		31.2	-204.8	-204.8	-204.8	-204.8	105.9	-204.8	-204.8
16点40分1	1		31.2	-204.8	-204.8	-204.8	-204.8	105.2	-204.8	-204.8
16点40分1	1		31.2	-204.8	-204.8	-204.8	-204.8	104.8	-204.8	-204.8
16点40分1	1		31.1	-204.8	-204.8	-204.8	-204.8	104.5	-204.8	-204.8
16点40分1	1		31.1	-204.8	-204.8	-204.8	-204.8	104.1	-204.8	-204.8
16点40分1	1		31.1	-204.8	-204.8	-204.8	-204.8	103.8	-204.8	-204.8
16点40分2	1		31.1	-204.8	-204.8	-204.8	-204.8	103.1	-204.8	-204.8
16点40分2	1		31.1	-204.8	-204.8	-204.8	-204.8	102.8	-204.8	-204.8
16点40分2	1		31.1	-204.8	-204.8	-204.8	-204.8	102.4	-204.8	-204.8
16点40分2	1		31.1	-204.8	-204.8	-204.8	-204.8	102.1	-204.8	-204.8
16点40分2	1		31.0	-204.8	-204.8	-204.8	-204.8	101.7	-204.8	-204.8
16点40分2	1		31.0	-204.8	-204.8	-204.8	-204.8	101.4	-204.8	-204.8
16点40分2	1		31.0	-204.8	-204.8	-204.8	-204.8	101.1	-204.8	-204.8
16点40分2	1		31.0	-204.8	-204.8	-204.8	-204.8	100.4	-204.8	-204.8
16点40分2	1		30.9	-204.8	-204.8	-204.8	-204.8	100.1	-204.8	-204.8
16点40分3	1		30.9	-204.8	-204.8	-204.8	-204.8	99.7	-204.8	-204.8
16点40分3	1		30.9	-204.8	-204.8	-204.8	-204.8	99.4	-204.8	-204.8
16点40分3	1		30.9	-204.8	-204.8	-204.8	-204.8	99.0	-204.8	-204.8
16点40分3	1		30.9	-204.8	-204.8	-204.8	-204.8	98.6	-204.8	-204.8
16点40分3	1		30.9	-204.8	-204.8	-204.8	-204.8	98.0	-204.8	-204.8
16点40分3	1		30.8	-204.8	-204.8	-204.8	-204.8	97.6	-204.8	-204.8
16点40分3	1		30.8	-204.8	-204.8	-204.8	-204.8	97.3	-204.8	-204.8
16点40分3	1		30.8	-204.8	-204.8	-204.8	-204.8	97.0	-204.8	-204.8
16点40分3	1		30.8	-204.8	-204.8	-204.8	-204.8	96.6	-204.8	-204.8
16点40分3	1		30.8	-204.8	-204.8	-204.8	-204.8	96.3	-204.8	-204.8
16点40分4	1		30.7	-204.8	-204.8	-204.8	-204.8	95.7	-204.8	-204.8
16点40分4	1		30.7	-204.8	-204.8	-204.8	-204.8	95.4	-204.8	-204.8
16点40分4	1		30.7	-204.8	-204.8	-204.8	-204.8	95.1	-204.8	-204.8
16点40分4	1		30.7	-204.8	-204.8	-204.8	-204.8	94.8	-204.8	-204.8
16点40分4	1		30.7	-204.8	-204.8	-204.8	-204.8	94.5	-204.8	-204.8
16点40分4	1		30.6	-204.8	-204.8	-204.8	-204.8	94.1	-204.8	-204.8
16点40分4	1		30.7	-204.8	-204.8	-204.8	-204.8	93.5	-204.8	-204.8
16点40分4	1		30.7	-204.8	-204.8	-204.8	-204.8	93.2	-204.8	-204.8
16点40分4	1		30.7	-204.8	-204.8	-204.8	-204.8	92.9	-204.8	-204.8
16点40分5	1		30.6	-204.8	-204.8	-204.8	-204.8	92.6	-204.8	-204.8
16点40分5	1		30.6	-204.8	-204.8	-204.8	-204.8	92.3	-204.8	-204.8
16点40分5	1		30.6	-204.8	-204.8	-204.8	-204.8	92.0	-204.8	-204.8
16点40分5	1		30.6	-204.8	-204.8	-204.8	-204.8	91.4	-204.8	-204.8
16点40分5	1		30.6	-204.8	-204.8	-204.8	-204.8	91.1	-204.8	-204.8
16点40分5	1		30.5	-204.8	-204.8	-204.8	-204.8	90.9	-204.8	-204.8
16点40分5	1		30.5	-204.8	-204.8	-204.8	-204.8	90.6	-204.8	-204.8
16点40分5	1		30.5	-204.8	-204.8	-204.8	-204.8	90.3	-204.8	-204.8
16点40分5	1		30.5	-204.8	-204.8	-204.8	-204.8	90.0	-204.8	-204.8
16点40分5	1		30.5	-204.8	-204.8	-204.8	-204.8	89.4	-204.8	-204.8
16点41分0	1		30.5	-204.8	-204.8	-204.8	-204.8	89.2	-204.8	-204.8
16点41分0	1		30.5	-204.8	-204.8	-204.8	-204.8	88.9	-204.8	-204.8
16点41分0	1		30.5	-204.8	-204.8	-204.8	-204.8	88.7	-204.8	-204.8
16点41分0	1		30.4	-204.8	-204.8	-204.8	-204.8	88.5	-204.8	-204.8
16点41分0	1		30.4	-204.8	-204.8	-204.8	-204.8	88.2	-204.8	-204.8
16点41分0	1		30.4	-204.8	-204.8	-204.8	-204.8	87.8	-204.8	-204.8
16点41分0	1		30.4	-204.8	-204.8	-204.8	-204.8	87.6	-204.8	-204.8
16点41分0	1		30.4	-204.8	-204.8	-204.8	-204.8	87.4	-204.8	-204.8
16点41分0	1		30.3	-204.8	-204.8	-204.8	-204.8	87.2	-204.8	-204.8
16点41分1	1		30.3	-204.8	-204.8	-204.8	-204.8	87.0	-204.8	-204.8
16点41分1	1		30.3	-204.8	-204.8	-204.8	-204.8	86.8	-204.8	-204.8
16点41分1	1		30.3	-204.8	-204.8	-204.8	-204.8	86.3	-204.8	-204.8
16点41分1	1		30.3	-204.8	-204.8	-204.8	-204.8	86.1	-204.8	-204.8
16点41分1	1		30.3	-204.8	-204.8	-204.8	-204.8	85.9	-204.8	-204.8
16点41分1	1		30.2	-204.8	-204.8	-204.8	-204.8	85.6	-204.8	-204.8
16点41分1	1		30.2	-204.8	-204.8	-204.8	-204.8	85.3	-204.8	-204.8
16点41分1	1		30.2	-204.8	-204.8	-204.8	-204.8	85.0	-204.8	-204.8
16点41分1	1		30.2	-204.8	-204.8	-204.8	-204.8	84.5	-204.8	-204.8
16点41分1	1		30.2	-204.8	-204.8	-204.8	-204.8	84.2	-204.8	-204.8
16点41分2	1		30.2	-204.8	-204.8	-204.8	-204.8	83.9	-204.8	-204.8
16点41分2	1		30.1	-204.8	-204.8	-204.8	-204.8	83.6	-204.8	-204.8
16点41分2	1		30.2	-204.8	-204.8	-204.8	-204.8	83.3	-204.8	-204.8
16点41分2	1		30.1	-204.8	-204.8	-204.8	-204.8	83.1	-204.8	-204.8
16点41分2	1		30.1	-204.8	-204.8	-204.8	-204.8	82.6	-204.8	-204.8
16点41分2	1		30.1	-204.8	-204.8	-204.8	-204.8	82.3	-204.8	-204.8
16点41分2	1		30.1	-204.8	-204.8	-204.8	-204.8	82.1	-204.8	-204.8
16点41分2	1		30.1	-204.8	-204.8	-204.8	-204.8	81.8	-204.8	-204.8
16点41分2	1		30.1	-204.8	-204.8	-204.8	-204.8	81.6	-204.8	-204.8
16点41分3	1		30.1	-204.8	-204.8	-204.8	-204.8	81.4	-204.8	-204.8
16点41分3	1		30.1	-204.8	-204.8	-204.8	-204.8	81.0	-204.8	-204.8
16点41分3	1		30.0	-204.8	-204.8	-204.8	-204.8	80.8	-204.8	-204.8
16点41分3	1		30.0	-204.8	-204.8	-204.8	-204.8	80.6	-204.8	-204.8
16点41分3	1		30.0	-204.8	-204.8	-204.8	-204.8	80.4	-204.8	-204.8
16点41分3	1		30.0	-204.8	-204.8	-204.8	-204.8	80.2	-204.8	-204.8
16点41分3	1		30.0	-204.8	-204.8	-204.8	-204.8	80.1	-204.8	-204.8
16点41分3	1		30.0	-204.8	-204.8	-204.8	-204.8	79.7	-204.8	-204.8
16点41分3	1		30.0	-204.8	-204.8	-204.8	-204.8	79.5	-204.8	-204.8
16点41分3	1		30.0	-204.8	-204.8	-204.8	-204.8	79.3	-204.8	-204.8
16点41分4	1		30.0	-204.8	-204.8	-204.8	-204.8	79.1	-204.8	-204.8
16点41分4	1		29.9	-204.8	-204.8	-204.8	-204.8	78.9	-204.8	-204.8
16点41分4	1		29.9	-204.8	-204.8	-204.8	-204.8	78.8	-204.8	-204.8
16点41分4	1		29.9	-204.8	-204.8	-204.8	-204.8	78.6	-204.8	-204.8
16点41分4	1		29.9	-204.8	-204.8	-204.8	-204.8	78.8	-204.8	-204.8
16点41分4	1		29.9	-204.8	-204.8	-204.8	-204.8	79.0	-204.8	-204.8
16点41分4	1		29.9	-204.8	-204.8	-204.8	-204.8	79.3	-204.8	-204.8
16点41分4	1		29.8	-204.8	-204.8	-204.8	-204.8	79.8	-204.8	-204.8
16点41分4	1		29.8	-204.8	-204.8	-204.8	-204.8	80.3	-204.8	-204.8
16点41分5	1		29.8	-204.8	-204.8	-204.8	-204.8	81.4	-204.8	-204.8
16点41分5	1		29.8	-204.8	-204.8	-204.8	-204.8	81.9	-204.8	-204.8
16点41分5	1		29.8	-204.8	-204.8	-204.8	-204.8	82.5	-204.8	-204.8
16点41分5	1		29.8	-204.8	-204.8	-204.8	-204.8	83.1	-204.8	-204.8
16点41分5	1		29.8	-204.8	-204.8	-204.8	-204.8	83.7	-204.8	-204.8
16点41分5	1		29.8	-204.8	-204.8	-204.8	-204.8	84.3	-204.8	-204.8
16点41分5	1		29.8	-204.8	-204.8	-204.8	-204.8	85.5	-204.8	-204.8
16点41分5	1		29.8	-204.8	-204.8	-204.8	-204.8	86.2	-204.8	-204.8
16点41分5	1		29.8	-204.8	-204.8	-204.8	-204.8	86.8	-204.8	-204.8
16点41分5	1		30.3	-204.8	-204.8	-204.8	-204.8	87.5	-204.8	-204.8
16点42分0	1		30.3	-204.8	-204.8	-204.8	-204.8	88.1	-204.8	-204.8
16点42分0	1		30.3	-204.8	-204.8	-204.8	-204.8	88.7	-204.8	-204.8
16点42分0	1		30.2	-204.8	-204.8	-204.8	-204.8	90.0	-204.8	-204.8
16点42分0	1		30.2	-204.8	-204.8	-204.8	-204.8	90.7	-204.8	-204.8
16点42分0	1		30.1	-204.8	-204.8	-204.8	-204.8	91.3	-204.8	-204.8
16点42分0	1		30.0	-204.8	-204.8	-204.8	-204.8	92.0	-204.8	-204.8
16点42分0	1		29.9	-204.8	-204.8	-204.8	-204.8	92.6	-204.8	-204.8
16点42分0	1		29.9	-204.8	-204.8	-204.8	-204.8	93.3	-204.8	-204.8
16点42分0	1		29.9	-204.8	-204.8	-204.8	-204.8	94.6	-204.8	-204.8
16点42分1	1		29.8	-204.8	-204.8	-204.8	-204.8	95.3	-204.8	-204.8
16点42分1	1		29.8	-204.8	-204.8	-204.8	-204.8	95.9	-204.8	-204.8
16点42分1	1		29.8	-204.8	-204.8	-204.8	-204.8	96.6	-204.8	-204.8
16点42分1	1		29.8	-204.8	-204.8	-204.8	-204.8	97.2	-204.8	-204.8
16点42分1	1		29.8	-204.8	-204.8	-204.8	-204.8	97.8	-204.8	-204.8
16点42分1	1		29.9	-204.8	-204.8	-204.8	-204.8	99.1	-204.8	-204.8
16点42分1	1		30.1	-204.8	-204.8	-204.8	-204.8	99.7	-204.8	-204.8
16点42分1	1		30.1	-204.8	-204.8	-204.8	-204.8	100.3	-204.8	-204.8
16点42分1	1		29.9	-204.8	-204.8	-204.8	-204.8	101.0	-204.8	-204.8
16点42分1	1		29.8	-204.8	-204.8	-204.8	-204.8	101.6	-204.8	-204.8
16点42分2	1		29.8	-204.8	-204.8	-204.8	-204.8	102.2	-204.8	-204.8
16点42分2	1		29.7	-204.8	-204.8	-204.8	-204.8	103.4	-204.8	-204.8
16点42分2	1		29.7	-204.8	-204.8	-204.8	-204.8	104.0	-204.8	-204.8
16点42分2	1		29.7	-204.8	-204.8	-204.8	-204.8	104.7	-204.8	-204.8
16点42分2	1		29.7	-204.8	-204.8	-204.8	-204.8	105.2	-204.8	-204.8
16点42分2	1		29.6	-204.8	-204.8	-204.8	-204.8	105.8	-204.8	-204.8
16点42分2	1		29.6	-204.8	-204.8	-204.8	-204.8	106.4	-204.8	-204.8
16点42分2	1		29.6	-204.8	-204.8	-204.8	-204.8	107.6	-204.8	-204.8
16点42分2	1		29.6	-204.8	-204.8	-204.8	-204.8	108.1	-204.8	-204.8
16点42分3	1		29.6	-204.8	-204.8	-204.8	-204.8	108.7	-204.8	-204.8
16点42分3	1		29.6	-204.8	-204.8	-204.8	-204.8	109.2	-204.8	-204.8
16点42分3	1		29.6	-204.8	-204.8	-204.8	-204.8	109.8	-204.8	-204.8
16点42分3	1		29.5	-204.8	-204.8	-204.8	-204.8	110.3	-204.8	-204.8
16点42分3	1		29.6	-204.8	-204.8	-204.8	-204.8	111.4	-204.8	-204.8
16点42分3	1		29.5	-204.8	-204.8	-204.8	-204.8	111.9	-204.8	-204.8
16点42分3	1		29.5	-204.8	-204.8	-204.8	-204.8	112.4	-204.8	-204.8
16点42分3	1		29.5	-204.8	-204.8	-204.8	-204.8	112.9	-204.8	-204.8
16点42分3	1		29.5	-204.8	-204.8	-204.8	-204.8	113.4	-204.8	-204.8
16点42分3	1		29.5	-204.8	-204.8	-204.8	-204.8	113.8	-204.8	-204.8
16点42分4	1		29.5	-204.8	-204.8	-204.8	-204.8	114.8	-204.8	-204.8
16点42分4	1		29.5	-204.8	-204.8	-204.8	-204.8	115.2	-204.8	-204.8
16点42分4	1		29.6	-204.8	-204.8	-204.8	-204.8	115.7	-204.8	-204.8
16点42分4	1		30.0	-204.8	-204.8	-204.8	-204.8	116.2	-204.8	-204.8
16点42分4	1		29.9	-204.8	-204.8	-204.8	-204.8	116.7	-204.8	-204.8
16点42分4	1		29.7	-204.8	-204.8	-204.8	-204.8	117.2	-204.8	-204.8
16点42分4	1		29.7	-204.8	-204.8	-204.8	-204.8	118.1	-204.8	-204.8
16点42分4	1		29.6	-204.8	-204.8	-204.8	-204.8	118.5	-204.8	-204.8
16点42分4	1		29.6	-204.8	-204.8	-204.8	-204.8	119.0	-204.8	-204.8
16点42分5	1		29.5	-204.8	-204.8	-204.8	-204.8	119.4	-204.8	-204.8
16点42分5	1		29.4	-204.8	-204.8	-204.8	-204.8	119.8	-204.8	-204.8
16点42分5	1		29.4	-204.8	-204.8	-204.8	-204.8	120.3	-204.8	-204.8
16点42分5	1		29.4	-204.8	-204.8	-204.8	-204.8	121.1	-204.8	-204.8
16点42分5	1		29.4	-204.8	-204.8	-204.8	-204.8	121.6	-204.8	-204.8
16点42分5	1		29.4	-204.8	-204.8	-204.8	-204.8	122.0	-204.8	-204.8
16点42分5	1		29.4	-204.8	-204.8	-204.8	-204.8	122.5	-204.8	-204.8
16点42分5	1		29.4	-204.8	-204.8	-204.8	-204.8	122.9	-204.8	-204.8
16点42分5	1		29.4	-204.8	-204.8	-204.8	-204.8	123.4	-204.8	-204.8
16点42分5	1		29.4	-204.8	-204.8	-204.8	-204.8	124.3	-204.8	-204.8
16点43分0	1		29.3	-204.8	-204.8	-204.8	-204.8	124.7	-204.8	-204.8
16点43分0	1		29.3	-204.8	-204.8	-204.8	-204.8	125.1	-204.8	-204.8
16点43分0	1		29.3	-204.8	-204.8	-204.8	-204.8	125.5	-204.8	-204.8
16点43分0	1		29.3	-204.8	-204.8	-204.8	-204.8	125.9	-204.8	-204.8
16点43分0	1		29.3	-204.8	-204.8	-204.8	-204.8	126.2	-204.8	-204.8
16点43分0	1		29.3	-204.8	-204.8	-204.8	-204.8	127.0	-204.8	-204.8
16点43分0	1		29.4	-204.8	-204.8	-204.8	-204.8	127.3	-204.8	-204.8
16点43分0	1		29.3	-204.8	-204.8	-204.8	-204.8	127.7	-204.8	-204.8
16点43分0	1		29.3	-204.8	-204.8	-204.8	-204.8	128.1	-204.8	-204.8
16点43分1	1		29.3	-204.8	-204.8	-204.8	-204.8	128.5	-204.8	-204.8
16点43分1	1		29.3	-204.8	-204.8	-204.8	-204.8	128.8	-204.8	-204.8
16点43分1	1		29.3	-204.8	-204.8	-204.8	-204.8	129.6	-204.8	-204.8
16点43分1	1		29.3	-204.8	-204.8	-204.8	-204.8	130.0	-204.8	-204.8
16点43分1	1		29.2	-204.8	-204.8	-204.8	-204.8	130.4	-204.8	-204.8
16点43分1	1		29.2	-204.8	-204.8	-204.8	-204.8	130.7	-204.8	-204.8
16点43分1	1		29.1	-204.8	-204.8	-204.8	-204.8	130.8	-204.8	-204.8
16点43分1	1		29.1	-204.8	-204.8	-204.8	-204.8	130.8	-204.8	-204.8
16点43分1	1		29.1	-204.8	-204.8	-204.8	-204.8	130.6	-204.8	-204.8
16点43分1	1		29.1	-204.8	-204.8	-204.8	-204.8	130.4	-204.8	-204.8
16点43分2	1		29.1	-204.8	-204.8	-204.8	-204.8	130.1	-204.8	-204.8
16点43分2	1		29.0	-204.8	-204.8	-204.8	-204.8	129.8	-204.8	-204.8
16点43分2	1		29.0	-204.8	-204.8	-204.8	-204.8	129.4	-204.8	-204.8
16点43分2	1		29.0	-204.8	-204.8	-204.8	-204.8	129.1	-204.8	-204.8
16点43分2	1		29.0	-204.8	-204.8	-204.8	-204.8	128.3	-204.8	-204.8
16点43分2	1		29.0	-204.8	-204.8	-204.8	-204.8	127.9	-204.8	-204.8
16点43分2	1		29.0	-204.8	-204.8	-204.8	-204.8	127.4	-204.8	-204.8
16点43分2	1		29.0	-204.8	-204.8	-204.8	-204.8	127.0	-204.8	-204.8
16点43分2	1		29.0	-204.8	-204.8	-204.8	-204.8	126.6	-204.8	-204.8
16点43分3	1		29.0	-204.8	-204.8	-204.8	-204.8	126.1	-204.8	-204.8
16点43分3	1		29.0	-204.8	-204.8	-204.8	-204.8	125.3	-204.8	-204.8
16点43分3	1		29.0	-204.8	-204.8	-204.8	-204.8	124.8	-204.8	-204.8
16点43分3	1		29.0	-204.8	-204.8	-204.8	-204.8	124.4	-204.8	-204.8
16点43分3	1		28.9	-204.8	-204.8	-204.8	-204.8	124.0	-204.8	-204.8
16点43分3	1		28.9	-204.8	-204.8	-204.8	-204.8	123.5	-204.8	-204.8
16点43分3	1		28.9	-204.8	-204.8	-204.8	-204.8	123.1	-204.8	-204.8
16点43分3	1		28.9	-204.8	-204.8	-204.8	-204.8	122.3	-204.8	-204.8
16点43分3	1		28.9	-204.8	-204.8	-204.8	-204.8	121.8	-204.8	-204.8
16点43分3	1		28.9	-204.8	-204.8	-204.8	-204.8	121.4	-204.8	-204.8
16点43分4	1		28.9	-204.8	-204.8	-204.8	-204.8	121.0	-204.8	-204.8
16点43分4	1		28.9	-204.8	-204.8	-204.8	-204.8	120.6	-204.8	-204.8
16点43分4	1		28.9	-204.8	-204.8	-204.8	-204.8	120.2	-204.8	-204.8
