11点17分5	1		24.8	-204.8	-204.8	29.0	-204.8	25.8	41.8	-204.8
11点17分5	1		24.8	-204.8	-204.8	29.0	-204.8	25.8	41.7	-204.8
11点17分5	1		24.8	-204.8	-204.8	29.0	-204.8	25.8	41.7	-204.8
11点17分5	1		24.8	-204.8	-204.8	29.0	-204.8	25.8	41.6	-204.8
11点17分5	1		24.8	-204.8	-204.8	29.0	-204.8	25.8	41.6	-204.8
11点18分0	1		24.8	-204.8	-204.8	28.9	-204.8	25.8	41.6	-204.8
11点18分0	1		24.8	-204.8	-204.8	28.9	-204.8	25.8	41.5	-204.8
11点18分0	1		24.8	-204.8	-204.8	28.9	-204.8	25.8	41.5	-204.8
11点18分0	1		24.8	-204.8	-204.8	28.9	-204.8	25.8	41.5	-204.8
11点18分0	1		24.8	-204.8	-204.8	28.9	-204.8	25.8	41.5	-204.8
11点18分0	1		24.8	-204.8	-204.8	28.9	-204.8	25.8	41.4	-204.8
11点18分0	1		24.8	-204.8	-204.8	28.8	-204.8	25.8	41.4	-204.8
11点18分0	1		24.8	-204.8	-204.8	28.8	-204.8	25.8	41.4	-204.8
11点18分0	1		24.8	-204.8	-204.8	28.8	-204.8	25.8	41.4	-204.8
11点18分0	1		24.8	-204.8	-204.8	28.8	-204.8	25.8	41.4	-204.8
11点18分1	1		24.8	-204.8	-204.8	28.8	-204.8	25.8	41.4	-204.8
11点18分1	1		24.8	-204.8	-204.8	28.8	-204.8	25.8	41.4	-204.8
11点18分1	1		24.8	-204.8	-204.8	28.8	-204.8	25.8	41.6	-204.8
11点18分1	1		24.8	-204.8	-204.8	28.8	-204.8	25.8	41.9	-204.8
11点18分1	1		24.8	-204.8	-204.8	28.8	-204.8	25.8	42.3	-204.8
11点18分1	1		24.8	-204.8	-204.8	28.8	-204.8	25.8	43.6	-204.8
11点18分1	1		24.8	-204.8	-204.8	28.8	-204.8	25.8	44.5	-204.8
11点18分1	1		24.8	-204.8	-204.8	28.8	-204.8	25.7	45.5	-204.8
11点18分1	1		24.8	-204.8	-204.8	28.8	-204.8	25.7	46.6	-204.8
11点18分2	1		24.8	-204.8	-204.8	28.9	-204.8	25.7	47.7	-204.8
11点18分2	1		24.8	-204.8	-204.8	29.0	-204.8	25.7	48.8	-204.8
11点18分2	1		24.8	-204.8	-204.8	29.1	-204.8	25.7	51.2	-204.8
11点18分2	1		24.8	-204.8	-204.8	29.4	-204.8	25.7	52.4	-204.8
11点18分2	1		24.8	-204.8	-204.8	29.7	-204.8	25.7	53.6	-204.8
11点18分2	1		24.8	-204.8	-204.8	30.6	-204.8	25.6	54.8	-204.8
11点18分2	1		24.8	-204.8	-204.8	31.1	-204.8	25.6	56.0	-204.8
11点18分2	1		24.8	-204.8	-204.8	31.8	-204.8	25.6	57.2	-204.8
11点18分2	1		24.8	-204.8	-204.8	32.6	-204.8	25.6	58.3	-204.8
11点18分2	1		24.8	-204.8	-204.8	33.4	-204.8	25.6	60.6	-204.8
11点18分3	1		24.8	-204.8	-204.8	34.3	-204.8	25.6	61.7	-204.8
11点18分3	1		24.8	-204.8	-204.8	35.2	-204.8	25.6	62.9	-204.8
11点18分3	1		24.8	-204.8	-204.8	37.3	-204.8	25.6	64.0	-204.8
11点18分3	1		24.8	-204.8	-204.8	38.3	-204.8	25.6	65.1	-204.8
11点18分3	1		24.8	-204.8	-204.8	39.4	-204.8	25.6	66.2	-204.8
11点18分3	1		24.8	-204.8	-204.8	40.5	-204.8	25.6	68.3	-204.8
11点18分3	1		24.8	-204.8	-204.8	41.7	-204.8	25.6	69.3	-204.8
11点18分3	1		24.8	-204.8	-204.8	42.8	-204.8	25.6	70.3	-204.8
11点18分3	1		24.8	-204.8	-204.8	45.2	-204.8	25.6	71.3	-204.8
11点18分4	1		24.8	-204.8	-204.8	46.4	-204.8	25.6	72.2	-204.8
11点18分4	1		24.8	-204.8	-204.8	47.7	-204.8	25.6	73.1	-204.8
11点18分4	1		24.8	-204.8	-204.8	48.9	-204.8	25.6	75.0	-204.8
11点18分4	1		24.8	-204.8	-204.8	50.2	-204.8	25.6	75.9	-204.8
11点18分4	1		24.8	-204.8	-204.8	51.5	-204.8	25.6	76.8	-204.8
11点18分4	1		24.8	-204.8	-204.8	54.0	-204.8	25.6	77.7	-204.8
11点18分4	1		24.8	-204.8	-204.8	55.3	-204.8	25.6	78.7	-204.8
11点18分4	1		24.8	-204.8	-204.8	56.6	-204.8	25.6	79.5	-204.8
11点18分4	1		24.8	-204.8	-204.8	57.8	-204.8	25.6	81.2	-204.8
11点18分4	1		24.8	-204.8	-204.8	58.9	-204.8	25.6	82.0	-204.8
11点18分5	1		24.8	-204.8	-204.8	59.8	-204.8	25.6	82.7	-204.8
11点18分5	1		24.8	-204.8	-204.8	60.6	-204.8	25.6	83.3	-204.8
11点18分5	1		24.8	-204.8	-204.8	61.9	-204.8	25.6	83.7	-204.8
11点18分5	1		24.8	-204.8	-204.8	62.4	-204.8	25.6	84.0	-204.8
11点18分5	1		24.8	-204.8	-204.8	62.9	-204.8	25.6	84.3	-204.8
11点18分5	1		24.8	-204.8	-204.8	63.2	-204.8	25.6	85.1	-204.8
11点18分5	1		24.8	-204.8	-204.8	63.5	-204.8	25.6	85.4	-204.8
11点18分5	1		24.8	-204.8	-204.8	63.8	-204.8	25.6	85.5	-204.8
11点18分5	1		24.8	-204.8	-204.8	64.1	-204.8	25.6	85.7	-204.8
11点19分0	1		24.8	-204.8	-204.8	64.2	-204.8	25.6	85.9	-204.8
11点19分0	1		24.8	-204.8	-204.8	64.3	-204.8	25.6	86.1	-204.8
11点19分0	1		24.8	-204.8	-204.8	64.4	-204.8	25.6	86.2	-204.8
11点19分0	1		24.8	-204.8	-204.8	64.5	-204.8	25.6	86.4	-204.8
11点19分0	1		24.8	-204.8	-204.8	64.5	-204.8	25.6	86.6	-204.8
11点19分0	1		24.8	-204.8	-204.8	64.5	-204.8	25.6	86.7	-204.8
11点19分0	1		24.8	-204.8	-204.8	64.5	-204.8	25.6	86.7	-204.8
11点19分0	1		24.8	-204.8	-204.8	64.5	-204.8	25.6	86.8	-204.8
11点19分0	1		24.8	-204.8	-204.8	64.5	-204.8	25.6	87.1	-204.8
11点19分0	1		24.8	-204.8	-204.8	64.5	-204.8	25.6	87.3	-204.8
11点19分1	1		24.8	-204.8	-204.8	64.6	-204.8	25.6	87.4	-204.8
11点19分1	1		24.8	-204.8	-204.8	64.6	-204.8	25.6	87.4	-204.8
11点19分1	1		24.8	-204.8	-204.8	64.5	-204.8	25.6	87.3	-204.8
11点19分1	1		24.8	-204.8	-204.8	64.5	-204.8	25.6	87.4	-204.8
11点19分1	1		24.8	-204.8	-204.8	64.4	-204.8	25.6	87.5	-204.8
11点19分1	1		24.8	-204.8	-204.8	64.3	-204.8	25.6	87.7	-204.8
11点19分1	1		24.8	-204.8	-204.8	64.3	-204.8	25.6	87.7	-204.8
11点19分1	1		24.8	-204.8	-204.8	64.2	-204.8	25.6	87.7	-204.8
11点19分1	1		24.8	-204.8	-204.8	64.1	-204.8	25.6	87.7	-204.8
11点19分2	1		24.7	-204.8	-204.8	64.0	-204.8	25.6	87.7	-204.8
11点19分2	1		24.7	-204.8	-204.8	64.0	-204.8	25.6	87.7	-204.8
11点19分2	1		24.7	-204.8	-204.8	63.9	-204.8	25.6	87.6	-204.8
11点19分2	1		24.7	-204.8	-204.8	63.8	-204.8	25.6	87.7	-204.8
11点19分2	1		24.7	-204.8	-204.8	63.7	-204.8	25.6	87.7	-204.8
11点19分2	1		24.7	-204.8	-204.8	63.5	-204.8	25.6	87.8	-204.8
11点19分2	1		24.7	-204.8	-204.8	63.4	-204.8	25.6	87.8	-204.8
11点19分2	1		24.7	-204.8	-204.8	63.3	-204.8	25.6	87.7	-204.8
11点19分2	1		24.7	-204.8	-204.8	63.2	-204.8	25.6	87.8	-204.8
11点19分2	1		24.7	-204.8	-204.8	63.1	-204.8	25.6	87.8	-204.8
11点19分3	1		24.7	-204.8	-204.8	63.0	-204.8	25.6	87.8	-204.8
11点19分3	1		24.7	-204.8	-204.8	62.9	-204.8	25.6	87.7	-204.8
11点19分3	1		24.7	-204.8	-204.8	62.7	-204.8	25.6	87.6	-204.8
11点19分3	1		24.7	-204.8	-204.8	62.6	-204.8	25.6	87.6	-204.8
11点19分3	1		24.7	-204.8	-204.8	62.5	-204.8	25.6	87.7	-204.8
11点19分3	1		24.7	-204.8	-204.8	62.5	-204.8	25.6	87.9	-204.8
11点19分3	1		24.7	-204.8	-204.8	62.4	-204.8	25.6	87.8	-204.8
11点19分3	1		24.7	-204.8	-204.8	62.3	-204.8	25.6	87.7	-204.8
11点19分3	1		24.7	-204.8	-204.8	62.1	-204.8	25.6	87.7	-204.8
11点19分4	1		24.7	-204.8	-204.8	62.0	-204.8	25.6	87.8	-204.8
11点19分4	1		24.7	-204.8	-204.8	61.9	-204.8	25.6	87.8	-204.8
11点19分4	1		24.7	-204.8	-204.8	61.9	-204.8	25.6	87.8	-204.8
11点19分4	1		24.7	-204.8	-204.8	61.8	-204.8	25.6	87.8	-204.8
11点19分4	1		24.7	-204.8	-204.8	61.7	-204.8	25.6	87.7	-204.8
11点19分4	1		24.7	-204.8	-204.8	61.5	-204.8	25.6	87.6	-204.8
11点19分4	1		24.7	-204.8	-204.8	61.4	-204.8	25.6	87.7	-204.8
11点19分4	1		24.7	-204.8	-204.8	61.3	-204.8	25.6	87.8	-204.8
11点19分4	1		24.7	-204.8	-204.8	61.2	-204.8	25.6	87.8	-204.8
11点19分4	1		24.7	-204.8	-204.8	61.2	-204.8	25.6	87.8	-204.8
11点19分5	1		24.7	-204.8	-204.8	61.1	-204.8	25.6	87.8	-204.8
11点19分5	1		24.7	-204.8	-204.8	60.9	-204.8	25.6	87.7	-204.8
11点19分5	1		24.7	-204.8	-204.8	60.8	-204.8	25.6	87.7	-204.8
11点19分5	1		24.7	-204.8	-204.8	60.7	-204.8	25.6	87.8	-204.8
11点19分5	1		24.7	-204.8	-204.8	60.6	-204.8	25.6	87.9	-204.8
11点19分5	1		24.7	-204.8	-204.8	60.6	-204.8	25.6	87.8	-204.8
11点19分5	1		24.7	-204.8	-204.8	60.4	-204.8	25.6	87.8	-204.8
11点19分5	1		24.7	-204.8	-204.8	60.4	-204.8	25.6	87.7	-204.8
11点19分5	1		24.7	-204.8	-204.8	60.2	-204.8	25.6	87.6	-204.8
11点20分0	1		24.7	-204.8	-204.8	60.1	-204.8	25.6	87.5	-204.8
11点20分0	1		24.7	-204.8	-204.8	60.0	-204.8	25.6	87.5	-204.8
11点20分0	1		24.7	-204.8	-204.8	59.9	-204.8	25.6	87.7	-204.8
11点20分0	1		24.7	-204.8	-204.8	59.8	-204.8	25.6	87.7	-204.8
11点20分0	1		24.7	-204.8	-204.8	59.6	-204.8	25.6	87.7	-204.8
11点20分0	1		24.7	-204.8	-204.8	59.4	-204.8	25.6	87.7	-204.8
11点20分0	1		24.7	-204.8	-204.8	59.3	-204.8	25.6	87.7	-204.8
11点20分0	1		24.7	-204.8	-204.8	59.2	-204.8	25.6	87.6	-204.8
11点20分0	1		24.6	-204.8	-204.8	59.0	-204.8	25.5	87.6	-204.8
11点20分0	1		24.7	-204.8	-204.8	58.9	-204.8	25.6	87.6	-204.8
11点20分1	1		24.7	-204.8	-204.8	58.9	-204.8	25.6	87.7	-204.8
11点20分1	1		24.6	-204.8	-204.8	58.7	-204.8	25.6	87.8	-204.8
11点20分1	1		24.7	-204.8	-204.8	58.6	-204.8	25.5	87.9	-204.8
11点20分1	1		24.6	-204.8	-204.8	58.5	-204.8	25.6	87.8	-204.8
11点20分1	1		24.6	-204.8	-204.8	58.4	-204.8	25.6	87.9	-204.8
11点20分1	1		24.6	-204.8	-204.8	58.4	-204.8	25.5	87.9	-204.8
11点20分1	1		24.6	-204.8	-204.8	58.3	-204.8	25.6	87.9	-204.8
11点20分1	1		24.6	-204.8	-204.8	58.1	-204.8	25.6	87.8	-204.8
11点20分1	1		24.6	-204.8	-204.8	58.1	-204.8	25.6	87.8	-204.8
11点20分2	1		24.6	-204.8	-204.8	58.1	-204.8	25.5	87.8	-204.8
11点20分2	1		24.6	-204.8	-204.8	58.1	-204.8	25.5	88.0	-204.8
11点20分2	1		24.6	-204.8	-204.8	58.1	-204.8	25.5	88.1	-204.8
11点20分2	1		24.6	-204.8	-204.8	58.1	-204.8	25.5	88.1	-204.8
11点20分2	1		24.6	-204.8	-204.8	58.1	-204.8	25.5	88.0	-204.8
11点20分2	1		24.6	-204.8	-204.8	58.2	-204.8	25.6	87.9	-204.8
11点20分2	1		24.6	-204.8	-204.8	58.2	-204.8	25.4	87.8	-204.8
11点20分2	1		24.6	-204.8	-204.8	58.2	-204.8	25.4	87.7	-204.8
11点20分2	1		24.6	-204.8	-204.8	58.3	-204.8	25.4	87.4	-204.8
11点20分2	1		24.6	-204.8	-204.8	58.3	-204.8	25.4	87.3	-204.8
11点20分3	1		24.6	-204.8	-204.8	58.3	-204.8	25.4	87.2	-204.8
11点20分3	1		24.6	-204.8	-204.8	58.4	-204.8	25.4	87.4	-204.8
11点20分3	1		24.6	-204.8	-204.8	58.5	-204.8	25.4	87.5	-204.8
11点20分3	1		24.6	-204.8	-204.8	58.6	-204.8	25.4	87.6	-204.8
11点20分3	1		24.6	-204.8	-204.8	58.7	-204.8	25.4	87.5	-204.8
11点20分3	1		24.6	-204.8	-204.8	58.8	-204.8	25.4	87.6	-204.8
11点20分3	1		24.6	-204.8	-204.8	58.8	-204.8	25.4	87.5	-204.8
11点20分3	1		24.6	-204.8	-204.8	59.0	-204.8	25.4	87.5	-204.8
11点20分3	1		24.6	-204.8	-204.8	59.1	-204.8	25.3	87.5	-204.8
11点20分3	1		24.6	-204.8	-204.8	59.2	-204.8	25.3	87.5	-204.8
11点20分4	1		24.6	-204.8	-204.8	59.3	-204.8	25.3	87.4	-204.8
11点20分4	1		24.6	-204.8	-204.8	59.4	-204.8	25.3	87.4	-204.8
11点20分4	1		24.6	-204.8	-204.8	59.5	-204.8	25.3	87.4	-204.8
11点20分4	1		24.6	-204.8	-204.8	59.7	-204.8	25.3	87.4	-204.8
11点20分4	1		24.6	-204.8	-204.8	59.7	-204.8	25.3	87.4	-204.8
11点20分4	1		24.6	-204.8	-204.8	59.8	-204.8	25.3	87.5	-204.8
11点20分4	1		24.6	-204.8	-204.8	59.9	-204.8	25.3	87.7	-204.8
11点20分4	1		24.6	-204.8	-204.8	59.9	-204.8	25.3	87.8	-204.8
11点20分4	1		24.6	-204.8	-204.8	60.0	-204.8	25.3	87.8	-204.8
11点20分5	1		24.6	-204.8	-204.8	60.0	-204.8	25.3	87.9	-204.8
11点20分5	1		24.6	-204.8	-204.8	59.9	-204.8	25.3	88.0	-204.8
11点20分5	1		24.6	-204.8	-204.8	59.9	-204.8	25.3	87.9	-204.8
11点20分5	1		24.6	-204.8	-204.8	59.9	-204.8	25.3	87.7	-204.8
11点20分5	1		24.6	-204.8	-204.8	59.9	-204.8	25.3	87.6	-204.8
11点20分5	1		24.6	-204.8	-204.8	59.8	-204.8	25.3	87.5	-204.8
11点20分5	1		24.6	-204.8	-204.8	59.8	-204.8	25.3	87.4	-204.8
11点20分5	1		24.6	-204.8	-204.8	59.8	-204.8	25.3	87.4	-204.8
11点20分5	1		24.6	-204.8	-204.8	59.8	-204.8	25.3	87.4	-204.8
11点20分5	1		24.6	-204.8	-204.8	59.8	-204.8	25.3	87.4	-204.8
11点21分0	1		24.6	-204.8	-204.8	59.7	-204.8	25.3	87.2	-204.8
11点21分0	1		24.6	-204.8	-204.8	59.7	-204.8	25.3	87.2	-204.8
11点21分0	1		24.6	-204.8	-204.8	59.6	-204.8	25.3	87.2	-204.8
11点21分0	1		24.6	-204.8	-204.8	59.7	-204.8	25.3	87.2	-204.8
11点21分0	1		24.6	-204.8	-204.8	59.7	-204.8	25.3	87.2	-204.8
11点21分0	1		24.6	-204.8	-204.8	59.7	-204.8	25.3	87.3	-204.8
11点21分0	1		24.6	-204.8	-204.8	59.6	-204.8	25.3	87.6	-204.8
11点21分0	1		24.6	-204.8	-204.8	59.6	-204.8	25.3	87.5	-204.8
11点21分0	1		24.6	-204.8	-204.8	59.6	-204.8	25.3	87.5	-204.8
11点21分1	1		24.6	-204.8	-204.8	59.6	-204.8	25.3	87.4	-204.8
11点21分1	1		24.6	-204.8	-204.8	59.6	-204.8	25.3	87.3	-204.8
11点21分1	1		24.6	-204.8	-204.8	59.6	-204.8	25.3	87.2	-204.8
11点21分1	1		24.6	-204.8	-204.8	59.6	-204.8	25.3	87.1	-204.8
11点21分1	1		24.6	-204.8	-204.8	59.6	-204.8	25.3	87.2	-204.8
11点21分1	1		24.6	-204.8	-204.8	59.6	-204.8	25.3	87.1	-204.8
11点21分1	1		24.6	-204.8	-204.8	59.6	-204.8	25.3	87.2	-204.8
11点21分1	1		24.6	-204.8	-204.8	59.6	-204.8	25.3	87.1	-204.8
11点21分1	1		24.6	-204.8	-204.8	59.6	-204.8	25.3	87.1	-204.8
11点21分1	1		24.6	-204.8	-204.8	59.6	-204.8	25.3	87.2	-204.8
11点21分2	1		24.6	-204.8	-204.8	59.6	-204.8	25.3	87.3	-204.8
11点21分2	1		24.6	-204.8	-204.8	59.6	-204.8	25.3	87.3	-204.8
11点21分2	1		24.6	-204.8	-204.8	59.5	-204.8	25.2	87.4	-204.8
11点21分2	1		24.6	-204.8	-204.8	59.5	-204.8	25.3	87.4	-204.8
11点21分2	1		24.6	-204.8	-204.8	59.5	-204.8	25.2	87.3	-204.8
11点21分2	1		24.6	-204.8	-204.8	59.5	-204.8	25.2	87.3	-204.8
11点21分2	1		24.6	-204.8	-204.8	59.5	-204.8	25.2	87.2	-204.8
11点21分2	1		24.6	-204.8	-204.8	59.5	-204.8	25.3	87.1	-204.8
11点21分2	1		24.6	-204.8	-204.8	59.5	-204.8	25.2	87.0	-204.8
11点21分3	1		24.6	-204.8	-204.8	59.5	-204.8	25.3	87.0	-204.8
11点21分3	1		24.6	-204.8	-204.8	59.5	-204.8	25.3	87.0	-204.8
11点21分3	1		24.6	-204.8	-204.8	59.4	-204.8	25.2	87.0	-204.8
11点21分3	1		24.6	-204.8	-204.8	59.4	-204.8	25.3	87.0	-204.8
11点21分3	1		24.5	-204.8	-204.8	59.4	-204.8	25.3	87.0	-204.8
11点21分3	1		24.6	-204.8	-204.8	59.4	-204.8	25.2	86.9	-204.8
11点21分3	1		24.6	-204.8	-204.8	59.3	-204.8	25.3	86.9	-204.8
11点21分3	1		24.6	-204.8	-204.8	59.3	-204.8	25.2	86.9	-204.8
11点21分3	1		24.6	-204.8	-204.8	59.3	-204.8	25.2	86.8	-204.8
11点21分3	1		24.6	-204.8	-204.8	59.3	-204.8	25.2	86.7	-204.8
11点21分4	1		24.5	-204.8	-204.8	59.3	-204.8	25.2	86.7	-204.8
11点21分4	1		24.6	-204.8	-204.8	59.3	-204.8	25.2	86.7	-204.8
11点21分4	1		24.5	-204.8	-204.8	59.3	-204.8	25.2	86.8	-204.8
11点21分4	1		24.5	-204.8	-204.8	59.4	-204.8	25.2	86.9	-204.8
11点21分4	1		24.5	-204.8	-204.8	59.4	-204.8	25.2	86.9	-204.8
11点21分4	1		24.5	-204.8	-204.8	59.5	-204.8	25.2	87.0	-204.8
11点21分4	1		24.5	-204.8	-204.8	59.5	-204.8	25.2	87.0	-204.8
11点21分4	1		24.5	-204.8	-204.8	59.5	-204.8	25.2	86.9	-204.8
11点21分4	1		24.5	-204.8	-204.8	59.5	-204.8	25.2	86.8	-204.8
11点21分5	1		24.6	-204.8	-204.8	59.5	-204.8	25.2	86.9	-204.8
11点21分5	1		24.5	-204.8	-204.8	59.6	-204.8	25.2	86.9	-204.8
11点21分5	1		24.5	-204.8	-204.8	59.6	-204.8	25.2	86.9	-204.8
11点21分5	1		24.6	-204.8	-204.8	59.6	-204.8	25.2	86.9	-204.8
11点21分5	1		24.6	-204.8	-204.8	59.6	-204.8	25.2	86.9	-204.8
11点21分5	1		24.5	-204.8	-204.8	59.6	-204.8	25.2	86.9	-204.8
11点21分5	1		24.5	-204.8	-204.8	59.6	-204.8	25.2	87.0	-204.8
11点21分5	1		24.6	-204.8	-204.8	59.6	-204.8	25.2	87.0	-204.8
11点21分5	1		24.5	-204.8	-204.8	59.6	-204.8	25.2	87.1	-204.8
11点21分5	1		24.6	-204.8	-204.8	59.6	-204.8	25.2	87.0	-204.8
11点22分0	1		24.6	-204.8	-204.8	59.5	-204.8	25.2	87.0	-204.8
11点22分0	1		24.5	-204.8	-204.8	59.5	-204.8	25.2	87.1	-204.8
11点22分0	1		24.6	-204.8	-204.8	59.5	-204.8	25.2	87.1	-204.8
11点22分0	1		24.5	-204.8	-204.8	59.5	-204.8	25.2	87.1	-204.8
11点22分0	1		24.6	-204.8	-204.8	59.5	-204.8	25.2	87.0	-204.8
11点22分0	1		24.5	-204.8	-204.8	59.5	-204.8	25.2	86.9	-204.8
11点22分0	1		24.6	-204.8	-204.8	59.5	-204.8	25.2	86.9	-204.8
11点22分0	1		24.6	-204.8	-204.8	59.5	-204.8	25.2	86.9	-204.8
11点22分0	1		24.5	-204.8	-204.8	59.5	-204.8	25.2	87.0	-204.8
11点22分1	1		24.6	-204.8	-204.8	59.5	-204.8	25.2	87.0	-204.8
11点22分1	1		24.5	-204.8	-204.8	59.5	-204.8	25.2	87.0	-204.8
11点22分1	1		24.5	-204.8	-204.8	59.5	-204.8	25.2	87.1	-204.8
11点22分1	1		24.5	-204.8	-204.8	59.5	-204.8	25.2	87.1	-204.8
11点22分1	1		24.5	-204.8	-204.8	59.5	-204.8	25.2	87.0	-204.8
11点22分1	1		24.5	-204.8	-204.8	59.5	-204.8	25.2	87.0	-204.8
11点22分1	1		24.5	-204.8	-204.8	59.5	-204.8	25.2	87.0	-204.8
11点22分1	1		24.6	-204.8	-204.8	59.5	-204.8	25.2	87.0	-204.8
11点22分1	1		24.5	-204.8	-204.8	59.5	-204.8	25.2	86.9	-204.8
11点22分1	1		24.5	-204.8	-204.8	59.4	-204.8	25.2	86.9	-204.8
11点22分2	1		24.5	-204.8	-204.8	59.4	-204.8	25.2	86.9	-204.8
11点22分2	1		24.5	-204.8	-204.8	59.4	-204.8	25.2	86.9	-204.8
11点22分2	1		24.5	-204.8	-204.8	59.4	-204.8	25.2	86.9	-204.8
11点22分2	1		24.5	-204.8	-204.8	59.4	-204.8	25.2	86.9	-204.8
11点22分2	1		24.5	-204.8	-204.8	59.4	-204.8	25.2	87.0	-204.8
11点22分2	1		24.5	-204.8	-204.8	59.4	-204.8	25.2	86.9	-204.8
11点22分2	1		24.5	-204.8	-204.8	59.4	-204.8	25.2	86.9	-204.8
11点22分2	1		24.5	-204.8	-204.8	59.5	-204.8	25.2	86.8	-204.8
11点22分2	1		24.6	-204.8	-204.8	59.5	-204.8	25.2	86.8	-204.8
11点22分3	1		24.5	-204.8	-204.8	59.5	-204.8	25.2	86.7	-204.8
11点22分3	1		24.6	-204.8	-204.8	59.5	-204.8	25.2	86.7	-204.8
11点22分3	1		24.6	-204.8	-204.8	59.6	-204.8	25.2	86.8	-204.8
11点22分3	1		24.6	-204.8	-204.8	59.6	-204.8	25.2	86.9	-204.8
11点22分3	1		24.6	-204.8	-204.8	59.6	-204.8	25.2	87.0	-204.8
11点22分3	1		24.6	-204.8	-204.8	59.6	-204.8	25.2	86.9	-204.8
11点22分3	1		24.5	-204.8	-204.8	59.6	-204.8	25.2	86.9	-204.8
11点22分3	1		24.6	-204.8	-204.8	59.6	-204.8	25.2	87.0	-204.8
11点22分3	1		24.6	-204.8	-204.8	59.6	-204.8	25.2	87.0	-204.8
11点22分3	1		24.6	-204.8	-204.8	59.6	-204.8	25.2	87.0	-204.8
11点22分4	1		24.6	-204.8	-204.8	59.5	-204.8	25.2	87.0	-204.8
11点22分4	1		24.6	-204.8	-204.8	59.5	-204.8	25.2	87.1	-204.8
11点22分4	1		24.6	-204.8	-204.8	59.4	-204.8	25.2	87.1	-204.8
11点22分4	1		24.6	-204.8	-204.8	59.4	-204.8	25.2	87.1	-204.8
11点22分4	1		24.6	-204.8	-204.8	59.4	-204.8	25.2	87.1	-204.8
11点22分4	1		24.6	-204.8	-204.8	59.4	-204.8	25.2	87.2	-204.8
11点22分4	1		24.6	-204.8	-204.8	59.4	-204.8	25.2	87.2	-204.8
11点22分4	1		24.6	-204.8	-204.8	59.4	-204.8	25.2	87.2	-204.8
11点22分4	1		24.6	-204.8	-204.8	59.4	-204.8	25.2	87.1	-204.8
11点22分5	1		24.6	-204.8	-204.8	59.4	-204.8	25.2	87.2	-204.8
11点22分5	1		24.6	-204.8	-204.8	59.4	-204.8	25.2	87.2	-204.8
11点22分5	1		24.6	-204.8	-204.8	59.4	-204.8	25.2	87.1	-204.8
11点22分5	1		24.6	-204.8	-204.8	59.5	-204.8	25.2	87.1	-204.8
11点22分5	1		24.6	-204.8	-204.8	59.5	-204.8	25.2	87.0	-204.8
11点22分5	1		24.6	-204.8	-204.8	59.5	-204.8	25.2	87.1	-204.8
11点22分5	1		24.6	-204.8	-204.8	59.5	-204.8	25.2	87.1	-204.8
11点22分5	1		24.6	-204.8	-204.8	59.6	-204.8	25.2	87.0	-204.8
11点22分5	1		24.6	-204.8	-204.8	59.6	-204.8	25.2	87.1	-204.8
11点22分5	1		24.6	-204.8	-204.8	59.6	-204.8	25.2	87.1	-204.8
11点23分0	1		24.6	-204.8	-204.8	59.6	-204.8	25.2	87.1	-204.8
11点23分0	1		24.6	-204.8	-204.8	59.6	-204.8	25.2	87.2	-204.8
11点23分0	1		24.6	-204.8	-204.8	59.6	-204.8	25.2	87.2	-204.8
11点23分0	1		24.6	-204.8	-204.8	59.6	-204.8	25.2	87.1	-204.8
11点23分0	1		24.6	-204.8	-204.8	59.6	-204.8	25.2	87.2	-204.8
11点23分0	1		24.6	-204.8	-204.8	59.6	-204.8	25.2	87.2	-204.8
11点23分0	1		24.6	-204.8	-204.8	59.6	-204.8	25.2	87.2	-204.8
11点23分0	1		24.6	-204.8	-204.8	59.6	-204.8	25.2	87.1	-204.8
11点23分0	1		24.6	-204.8	-204.8	59.6	-204.8	25.2	87.1	-204.8
11点23分1	1		24.6	-204.8	-204.8	59.6	-204.8	25.2	87.1	-204.8
11点23分1	1		24.6	-204.8	-204.8	59.6	-204.8	25.2	87.2	-204.8
11点23分1	1		24.6	-204.8	-204.8	59.6	-204.8	25.2	87.2	-204.8
11点23分1	1		24.6	-204.8	-204.8	59.6	-204.8	25.2	87.2	-204.8
11点23分1	1		24.6	-204.8	-204.8	59.7	-204.8	25.2	87.2	-204.8
11点23分1	1		24.6	-204.8	-204.8	59.7	-204.8	25.2	87.3	-204.8
11点23分1	1		24.6	-204.8	-204.8	59.7	-204.8	25.3	87.3	-204.8
11点23分1	1		24.6	-204.8	-204.8	59.8	-204.8	25.2	87.3	-204.8
11点23分1	1		24.6	-204.8	-204.8	59.7	-204.8	25.3	87.2	-204.8
11点23分1	1		24.6	-204.8	-204.8	59.7	-204.8	25.2	87.2	-204.8
11点23分2	1		24.6	-204.8	-204.8	59.7	-204.8	25.3	87.2	-204.8
11点23分2	1		24.6	-204.8	-204.8	59.7	-204.8	25.3	87.3	-204.8
11点23分2	1		24.6	-204.8	-204.8	59.7	-204.8	25.3	87.3	-204.8
11点23分2	1		24.7	-204.8	-204.8	59.7	-204.8	25.3	87.4	-204.8
11点23分2	1		24.7	-204.8	-204.8	59.7	-204.8	25.3	87.5	-204.8
11点23分2	1		24.7	-204.8	-204.8	59.7	-204.8	25.4	87.5	-204.8
11点23分2	1		24.7	-204.8	-204.8	59.7	-204.8	25.4	87.5	-204.8
11点23分2	1		24.7	-204.8	-204.8	59.7	-204.8	25.4	87.5	-204.8
11点23分2	1		24.7	-204.8	-204.8	59.7	-204.8	25.4	87.5	-204.8
11点23分3	1		24.7	-204.8	-204.8	59.8	-204.8	25.4	87.5	-204.8
11点23分3	1		24.7	-204.8	-204.8	59.8	-204.8	25.4	87.4	-204.8
11点23分3	1		24.7	-204.8	-204.8	59.8	-204.8	25.4	87.3	-204.8
11点23分3	1		24.7	-204.8	-204.8	59.8	-204.8	25.4	87.4	-204.8
11点23分3	1		24.7	-204.8	-204.8	59.8	-204.8	25.4	87.5	-204.8
11点23分3	1		24.7	-204.8	-204.8	59.8	-204.8	25.4	87.5	-204.8
11点23分3	1		24.7	-204.8	-204.8	59.8	-204.8	25.4	87.5	-204.8
11点23分3	1		24.7	-204.8	-204.8	59.8	-204.8	25.4	87.6	-204.8
11点23分3	1		24.7	-204.8	-204.8	59.8	-204.8	25.4	87.6	-204.8
11点23分3	1		24.7	-204.8	-204.8	59.7	-204.8	25.4	87.5	-204.8
11点23分4	1		24.7	-204.8	-204.8	59.7	-204.8	25.4	87.5	-204.8
11点23分4	1		24.7	-204.8	-204.8	59.7	-204.8	25.4	87.5	-204.8
11点23分4	1		24.7	-204.8	-204.8	59.6	-204.8	25.4	87.5	-204.8
11点23分4	1		24.7	-204.8	-204.8	59.6	-204.8	25.4	87.5	-204.8
11点23分4	1		24.7	-204.8	-204.8	59.6	-204.8	25.4	87.6	-204.8
11点23分4	1		24.7	-204.8	-204.8	59.6	-204.8	25.4	87.6	-204.8
11点23分4	1		24.7	-204.8	-204.8	59.6	-204.8	25.4	87.6	-204.8
11点23分4	1		24.7	-204.8	-204.8	59.6	-204.8	25.4	87.6	-204.8
11点23分4	1		24.7	-204.8	-204.8	59.7	-204.8	25.4	87.5	-204.8
11点23分5	1		24.7	-204.8	-204.8	59.7	-204.8	25.4	87.5	-204.8
11点23分5	1		24.7	-204.8	-204.8	59.8	-204.8	25.4	87.5	-204.8
11点23分5	1		24.7	-204.8	-204.8	59.9	-204.8	25.4	87.5	-204.8
11点23分5	1		24.7	-204.8	-204.8	59.9	-204.8	25.4	87.6	-204.8
11点23分5	1		24.7	-204.8	-204.8	59.9	-204.8	25.4	87.6	-204.8
11点23分5	1		24.7	-204.8	-204.8	59.9	-204.8	25.4	87.6	-204.8
11点23分5	1		24.7	-204.8	-204.8	59.9	-204.8	25.4	87.6	-204.8
11点23分5	1		24.7	-204.8	-204.8	59.9	-204.8	25.4	87.6	-204.8
11点23分5	1		24.7	-204.8	-204.8	59.9	-204.8	25.4	87.5	-204.8
11点23分5	1		24.7	-204.8	-204.8	59.9	-204.8	25.4	87.5	-204.8
11点24分0	1		24.7	-204.8	-204.8	60.0	-204.8	25.4	87.5	-204.8
11点24分0	1		24.7	-204.8	-204.8	60.0	-204.8	25.4	87.5	-204.8
11点24分0	1		24.7	-204.8	-204.8	59.9	-204.8	25.4	87.5	-204.8
11点24分0	1		24.7	-204.8	-204.8	59.9	-204.8	25.4	87.5	-204.8
11点24分0	1		24.7	-204.8	-204.8	59.9	-204.8	25.4	87.4	-204.8
11点24分0	1		24.7	-204.8	-204.8	60.0	-204.8	25.4	87.4	-204.8
11点24分0	1		24.7	-204.8	-204.8	60.0	-204.8	25.4	87.5	-204.8
11点24分0	1		24.7	-204.8	-204.8	60.0	-204.8	25.4	87.5	-204.8
11点24分0	1		24.7	-204.8	-204.8	60.0	-204.8	25.4	87.5	-204.8
11点24分1	1		24.7	-204.8	-204.8	60.0	-204.8	25.4	87.4	-204.8
11点24分1	1		24.7	-204.8	-204.8	60.0	-204.8	25.4	87.5	-204.8
11点24分1	1		24.8	-204.8	-204.8	60.0	-204.8	25.4	87.5	-204.8
11点24分1	1		24.7	-204.8	-204.8	60.0	-204.8	25.4	87.5	-204.8
11点24分1	1		24.7	-204.8	-204.8	59.9	-204.8	25.4	87.5	-204.8
11点24分1	1		24.7	-204.8	-204.8	59.9	-204.8	25.4	87.5	-204.8
11点24分1	1		24.8	-204.8	-204.8	59.9	-204.8	25.4	87.6	-204.8
11点24分1	1		24.7	-204.8	-204.8	59.8	-204.8	25.4	87.5	-204.8
11点24分1	1		24.8	-204.8	-204.8	59.8	-204.8	25.4	87.5	-204.8
11点24分1	1		24.8	-204.8	-204.8	59.8	-204.8	25.4	87.4	-204.8
11点24分2	1		24.8	-204.8	-204.8	59.8	-204.8	25.4	87.4	-204.8
11点24分2	1		24.8	-204.8	-204.8	59.9	-204.8	25.4	87.4	-204.8
11点24分2	1		24.8	-204.8	-204.8	59.9	-204.8	25.4	87.4	-204.8
11点24分2	1		24.8	-204.8	-204.8	59.9	-204.8	25.4	87.4	-204.8
11点24分2	1		24.8	-204.8	-204.8	59.9	-204.8	25.4	87.4	-204.8
11点24分2	1		24.8	-204.8	-204.8	59.9	-204.8	25.4	87.4	-204.8
11点24分2	1		24.8	-204.8	-204.8	59.8	-204.8	25.4	87.4	-204.8
11点24分2	1		24.8	-204.8	-204.8	59.8	-204.8	25.4	87.2	-204.8
11点24分2	1		24.8	-204.8	-204.8	59.8	-204.8	25.4	87.2	-204.8
11点24分3	1		24.8	-204.8	-204.8	59.8	-204.8	25.4	87.2	-204.8
11点24分3	1		24.8	-204.8	-204.8	59.8	-204.8	25.4	87.2	-204.8
11点24分3	1		24.8	-204.8	-204.8	59.7	-204.8	25.4	87.2	-204.8
11点24分3	1		24.8	-204.8	-204.8	59.7	-204.8	25.4	87.3	-204.8
11点24分3	1		24.8	-204.8	-204.8	59.7	-204.8	25.4	87.4	-204.8
11点24分3	1		24.8	-204.8	-204.8	59.7	-204.8	25.4	87.4	-204.8
11点24分3	1		24.8	-204.8	-204.8	59.7	-204.8	25.4	87.4	-204.8
11点24分3	1		24.8	-204.8	-204.8	59.7	-204.8	25.4	87.3	-204.8
11点24分3	1		24.8	-204.8	-204.8	59.7	-204.8	25.4	87.3	-204.8
11点24分3	1		24.8	-204.8	-204.8	59.8	-204.8	25.4	87.2	-204.8
11点24分4	1		24.8	-204.8	-204.8	59.8	-204.8	25.4	87.2	-204.8
11点24分4	1		24.8	-204.8	-204.8	59.8	-204.8	25.4	87.3	-204.8
11点24分4	1		24.8	-204.8	-204.8	59.9	-204.8	25.4	87.2	-204.8
11点24分4	1		24.8	-204.8	-204.8	59.9	-204.8	25.4	87.1	-204.8
11点24分4	1		24.8	-204.8	-204.8	59.9	-204.8	25.4	87.1	-204.8
11点24分4	1		24.8	-204.8	-204.8	59.9	-204.8	25.4	87.1	-204.8
11点24分4	1		24.8	-204.8	-204.8	60.0	-204.8	25.4	87.0	-204.8
11点24分4	1		24.8	-204.8	-204.8	60.0	-204.8	25.4	87.0	-204.8
11点24分4	1		24.8	-204.8	-204.8	60.0	-204.8	25.4	87.0	-204.8
11点24分5	1		24.8	-204.8	-204.8	60.0	-204.8	25.4	87.0	-204.8
11点24分5	1		24.8	-204.8	-204.8	60.0	-204.8	25.4	87.0	-204.8
11点24分5	1		24.8	-204.8	-204.8	60.0	-204.8	25.4	87.0	-204.8
11点24分5	1		24.8	-204.8	-204.8	59.9	-204.8	25.4	87.0	-204.8
11点24分5	1		24.8	-204.8	-204.8	59.9	-204.8	25.4	87.0	-204.8
11点24分5	1		24.8	-204.8	-204.8	59.8	-204.8	25.4	86.9	-204.8
11点24分5	1		24.8	-204.8	-204.8	59.8	-204.8	25.4	86.8	-204.8
11点24分5	1		24.8	-204.8	-204.8	59.8	-204.8	25.5	86.8	-204.8
11点24分5	1		24.8	-204.8	-204.8	59.8	-204.8	25.4	86.9	-204.8
11点24分5	1		24.8	-204.8	-204.8	59.8	-204.8	25.4	86.9	-204.8
11点25分0	1		24.8	-204.8	-204.8	59.8	-204.8	25.4	86.9	-204.8
11点25分0	1		24.8	-204.8	-204.8	59.8	-204.8	25.5	86.9	-204.8
11点25分0	1		24.8	-204.8	-204.8	59.8	-204.8	25.5	86.8	-204.8
11点25分0	1		24.8	-204.8	-204.8	59.8	-204.8	25.5	86.8	-204.8
11点25分0	1		24.8	-204.8	-204.8	59.8	-204.8	25.5	86.8	-204.8
11点25分0	1		24.8	-204.8	-204.8	59.9	-204.8	25.5	86.8	-204.8
11点25分0	1		24.8	-204.8	-204.8	59.9	-204.8	25.5	86.8	-204.8
11点25分0	1		24.8	-204.8	-204.8	60.0	-204.8	25.5	86.8	-204.8
11点25分0	1		24.8	-204.8	-204.8	60.0	-204.8	25.5	86.9	-204.8
11点25分1	1		24.8	-204.8	-204.8	60.0	-204.8	25.5	86.8	-204.8
11点25分1	1		24.8	-204.8	-204.8	60.0	-204.8	25.5	86.9	-204.8
11点25分1	1		24.8	-204.8	-204.8	60.0	-204.8	25.5	86.8	-204.8
11点25分1	1		24.8	-204.8	-204.8	60.0	-204.8	25.5	86.8	-204.8
11点25分1	1		24.8	-204.8	-204.8	60.0	-204.8	25.5	86.7	-204.8
11点25分1	1		24.8	-204.8	-204.8	59.9	-204.8	25.5	86.7	-204.8
11点25分1	1		24.8	-204.8	-204.8	59.9	-204.8	25.5	86.7	-204.8
11点25分1	1		24.8	-204.8	-204.8	59.9	-204.8	25.5	86.7	-204.8
11点25分1	1		24.8	-204.8	-204.8	59.9	-204.8	25.5	86.7	-204.8
11点25分1	1		24.8	-204.8	-204.8	59.8	-204.8	25.5	86.6	-204.8
11点25分2	1		24.9	-204.8	-204.8	59.8	-204.8	25.5	86.6	-204.8
11点25分2	1		24.8	-204.8	-204.8	59.8	-204.8	25.5	86.6	-204.8
11点25分2	1		24.8	-204.8	-204.8	59.8	-204.8	25.5	86.6	-204.8
11点25分2	1		24.8	-204.8	-204.8	59.8	-204.8	25.5	86.6	-204.8
11点25分2	1		24.9	-204.8	-204.8	59.8	-204.8	25.5	86.7	-204.8
11点25分2	1		24.9	-204.8	-204.8	59.8	-204.8	25.5	86.7	-204.8
11点25分2	1		24.8	-204.8	-204.8	59.8	-204.8	25.5	86.6	-204.8
11点25分2	1		24.8	-204.8	-204.8	59.8	-204.8	25.5	86.6	-204.8
11点25分2	1		24.9	-204.8	-204.8	59.8	-204.8	25.5	86.6	-204.8
11点25分3	1		24.9	-204.8	-204.8	59.8	-204.8	25.5	86.5	-204.8
11点25分3	1		24.9	-204.8	-204.8	59.8	-204.8	25.5	86.5	-204.8
11点25分3	1		24.9	-204.8	-204.8	59.7	-204.8	25.5	86.5	-204.8
11点25分3	1		24.9	-204.8	-204.8	59.7	-204.8	25.5	86.5	-204.8
11点25分3	1		24.9	-204.8	-204.8	59.7	-204.8	25.5	86.5	-204.8
11点25分3	1		24.9	-204.8	-204.8	59.7	-204.8	25.5	86.4	-204.8
11点25分3	1		24.9	-204.8	-204.8	59.7	-204.8	25.5	86.4	-204.8
11点25分3	1		24.9	-204.8	-204.8	59.7	-204.8	25.5	86.4	-204.8
11点25分3	1		24.9	-204.8	-204.8	59.8	-204.8	25.5	86.5	-204.8
11点25分3	1		24.9	-204.8	-204.8	59.8	-204.8	25.5	86.6	-204.8
11点25分4	1		24.9	-204.8	-204.8	59.9	-204.8	25.5	86.6	-204.8
11点25分4	1		24.9	-204.8	-204.8	59.9	-204.8	25.5	86.6	-204.8
11点25分4	1		24.9	-204.8	-204.8	59.9	-204.8	25.5	86.6	-204.8
11点25分4	1		24.9	-204.8	-204.8	59.9	-204.8	25.5	86.6	-204.8
11点25分4	1		24.9	-204.8	-204.8	59.9	-204.8	25.5	86.6	-204.8
11点25分4	1		24.9	-204.8	-204.8	59.8	-204.8	25.5	86.6	-204.8
11点25分4	1		24.9	-204.8	-204.8	59.8	-204.8	25.5	86.6	-204.8
11点25分4	1		24.9	-204.8	-204.8	59.7	-204.8	25.5	86.6	-204.8
11点25分4	1		24.9	-204.8	-204.8	59.7	-204.8	25.5	86.7	-204.8
11点25分4	1		24.9	-204.8	-204.8	59.6	-204.8	25.5	86.7	-204.8
11点25分5	1		24.9	-204.8	-204.8	59.6	-204.8	25.5	86.7	-204.8
11点25分5	1		24.9	-204.8	-204.8	59.5	-204.8	25.5	86.7	-204.8
11点25分5	1		24.9	-204.8	-204.8	59.5	-204.8	25.5	86.6	-204.8
11点25分5	1		24.9	-204.8	-204.8	59.5	-204.8	25.5	86.4	-204.8
11点25分5	1		24.9	-204.8	-204.8	59.5	-204.8	25.5	86.1	-204.8
11点25分5	1		24.9	-204.8	-204.8	59.5	-204.8	25.5	85.8	-204.8
11点25分5	1		24.9	-204.8	-204.8	59.5	-204.8	25.5	85.6	-204.8
11点25分5	1		24.9	-204.8	-204.8	59.3	-204.8	25.5	85.2	-204.8
11点25分5	1		24.8	-204.8	-204.8	59.3	-204.8	25.5	84.9	-204.8
11点26分0	1		24.8	-204.8	-204.8	59.2	-204.8	25.5	84.4	-204.8
11点26分0	1		24.8	-204.8	-204.8	59.0	-204.8	25.5	83.1	-204.8
11点26分0	1		24.8	-204.8	-204.8	58.7	-204.8	25.5	82.3	-204.8
11点26分0	1		24.8	-204.8	-204.8	58.4	-204.8	25.5	81.4	-204.8
11点26分0	1		24.8	-204.8	-204.8	58.1	-204.8	25.5	80.6	-204.8
11点26分0	1		24.8	-204.8	-204.8	57.3	-204.8	25.5	79.8	-204.8
11点26分0	1		24.8	-204.8	-204.8	56.9	-204.8	25.5	79.1	-204.8
11点26分0	1		24.8	-204.8	-204.8	56.5	-204.8	25.5	78.4	-204.8
11点26分0	1		24.8	-204.8	-204.8	56.1	-204.8	25.5	77.0	-204.8
11点26分0	1		24.8	-204.8	-204.8	55.7	-204.8	25.5	76.3	-204.8
11点26分1	1		24.8	-204.8	-204.8	55.2	-204.8	25.5	75.5	-204.8
11点26分1	1		24.8	-204.8	-204.8	54.4	-204.8	25.5	74.8	-204.8
11点26分1	1		24.8	-204.8	-204.8	54.0	-204.8	25.5	74.1	-204.8
11点26分1	1		24.8	-204.8	-204.8	53.5	-204.8	25.5	73.4	-204.8
11点26分1	1		24.8	-204.8	-204.8	53.1	-204.8	25.5	72.1	-204.8
11点26分1	1		24.8	-204.8	-204.8	52.7	-204.8	25.4	71.4	-204.8
11点26分1	1		24.8	-204.8	-204.8	52.3	-204.8	25.4	70.8	-204.8
11点26分1	1		24.8	-204.8	-204.8	51.5	-204.8	25.4	70.4	-204.8
11点26分1	1		24.8	-204.8	-204.8	51.1	-204.8	25.4	69.8	-204.8
11点26分2	1		24.8	-204.8	-204.8	50.7	-204.8	25.4	69.3	-204.8
11点26分2	1		24.8	-204.8	-204.8	50.3	-204.8	25.4	68.4	-204.8
11点26分2	1		24.8	-204.8	-204.8	49.9	-204.8	25.4	68.0	-204.8
11点26分2	1		24.8	-204.8	-204.8	49.6	-204.8	25.4	67.5	-204.8
11点26分2	1		24.8	-204.8	-204.8	48.8	-204.8	25.4	67.0	-204.8
11点26分2	1		24.8	-204.8	-204.8	48.5	-204.8	25.4	66.5	-204.8
11点26分2	1		24.7	-204.8	-204.8	48.1	-204.8	25.4	66.0	-204.8
11点26分2	1		24.8	-204.8	-204.8	47.8	-204.8	25.4	65.1	-204.8
11点26分2	1		24.8	-204.8	-204.8	47.4	-204.8	25.4	64.7	-204.8
11点26分2	1		24.8	-204.8	-204.8	47.1	-204.8	25.4	64.2	-204.8
11点26分3	1		24.8	-204.8	-204.8	46.4	-204.8	25.4	63.9	-204.8
11点26分3	1		24.8	-204.8	-204.8	46.1	-204.8	25.4	63.5	-204.8
11点26分3	1		24.8	-204.8	-204.8	45.8	-204.8	25.4	63.0	-204.8
11点26分3	1		24.8	-204.8	-204.8	45.5	-204.8	25.4	62.6	-204.8
11点26分3	1		24.7	-204.8	-204.8	45.2	-204.8	25.4	62.1	-204.8
11点26分3	1		24.8	-204.8	-204.8	44.9	-204.8	25.4	61.8	-204.8
11点26分3	1		24.8	-204.8	-204.8	44.6	-204.8	25.4	61.6	-204.8
11点26分3	1		24.7	-204.8	-204.8	44.1	-204.8	25.3	61.2	-204.8
11点26分3	1		24.7	-204.8	-204.8	43.8	-204.8	25.3	60.9	-204.8
11点26分4	1		24.7	-204.8	-204.8	43.5	-204.8	25.3	60.6	-204.8
11点26分4	1		24.7	-204.8	-204.8	43.3	-204.8	25.3	59.9	-204.8
11点26分4	1		24.7	-204.8	-204.8	43.0	-204.8	25.3	59.6	-204.8
11点26分4	1		24.7	-204.8	-204.8	42.8	-204.8	25.3	59.3	-204.8
11点26分4	1		24.7	-204.8	-204.8	42.3	-204.8	25.3	59.0	-204.8
11点26分4	1		24.7	-204.8	-204.8	42.0	-204.8	25.3	58.8	-204.8
11点26分4	1		24.7	-204.8	-204.8	41.8	-204.8	25.3	58.6	-204.8
11点26分4	1		24.7	-204.8	-204.8	41.6	-204.8	25.3	58.2	-204.8
11点26分4	1		24.7	-204.8	-204.8	41.3	-204.8	25.3	58.0	-204.8
11点26分4	1		24.7	-204.8	-204.8	41.1	-204.8	25.3	57.8	-204.8
11点26分5	1		24.7	-204.8	-204.8	40.7	-204.8	25.3	57.6	-204.8
11点26分5	1		24.7	-204.8	-204.8	40.4	-204.8	25.3	57.4	-204.8
11点26分5	1		24.7	-204.8	-204.8	40.2	-204.8	25.3	57.2	-204.8
11点26分5	1		24.7	-204.8	-204.8	40.0	-204.8	25.3	56.7	-204.8
11点26分5	1		24.7	-204.8	-204.8	39.8	-204.8	25.3	56.5	-204.8
11点26分5	1		24.7	-204.8	-204.8	39.6	-204.8	25.3	56.3	-204.8
11点26分5	1		24.7	-204.8	-204.8	39.2	-204.8	25.3	56.1	-204.8
11点26分5	1		24.6	-204.8	-204.8	39.0	-204.8	25.3	56.0	-204.8
11点26分5	1		24.6	-204.8	-204.8	38.8	-204.8	25.3	55.8	-204.8
11点27分0	1		24.6	-204.8	-204.8	38.6	-204.8	25.3	55.3	-204.8
11点27分0	1		24.6	-204.8	-204.8	38.4	-204.8	25.3	55.1	-204.8
11点27分0	1		24.6	-204.8	-204.8	38.2	-204.8	25.3	54.9	-204.8
11点27分0	1		24.6	-204.8	-204.8	37.9	-204.8	25.3	54.7	-204.8
11点27分0	1		24.6	-204.8	-204.8	37.7	-204.8	25.3	54.6	-204.8
11点27分0	1		24.6	-204.8	-204.8	37.5	-204.8	25.3	54.4	-204.8
11点27分0	1		24.6	-204.8	-204.8	37.4	-204.8	25.3	54.1	-204.8
11点27分0	1		24.6	-204.8	-204.8	37.2	-204.8	25.3	54.0	-204.8
11点27分0	1		24.6	-204.8	-204.8	37.1	-204.8	25.3	54.0	-204.8
11点27分0	1		24.6	-204.8	-204.8	36.9	-204.8	25.2	54.0	-204.8
11点27分1	1		24.6	-204.8	-204.8	36.8	-204.8	25.3	54.1	-204.8
11点27分1	1		24.6	-204.8	-204.8	36.7	-204.8	25.2	54.2	-204.8
11点27分1	1		24.6	-204.8	-204.8	36.7	-204.8	25.3	54.4	-204.8
11点27分1	1		24.6	-204.8	-204.8	36.6	-204.8	25.2	54.5	-204.8
11点27分1	1		24.6	-204.8	-204.8	36.6	-204.8	25.3	54.6	-204.8
11点27分1	1		24.6	-204.8	-204.8	36.5	-204.8	25.3	54.7	-204.8
11点27分1	1		24.6	-204.8	-204.8	36.5	-204.8	25.3	54.7	-204.8
11点27分1	1		24.6	-204.8	-204.8	36.4	-204.8	25.2	54.8	-204.8
11点27分1	1		24.6	-204.8	-204.8	36.4	-204.8	25.3	55.0	-204.8
11点27分2	1		24.6	-204.8	-204.8	36.4	-204.8	25.3	55.1	-204.8
11点27分2	1		24.6	-204.8	-204.8	36.4	-204.8	25.3	55.2	-204.8
11点27分2	1		24.6	-204.8	-204.8	36.3	-204.8	25.3	55.3	-204.8
11点27分2	1		24.6	-204.8	-204.8	36.3	-204.8	25.3	55.3	-204.8
11点27分2	1		24.6	-204.8	-204.8	36.3	-204.8	25.3	55.4	-204.8
11点27分2	1		24.6	-204.8	-204.8	36.3	-204.8	25.3	55.4	-204.8
11点27分2	1		24.6	-204.8	-204.8	36.3	-204.8	25.3	55.5	-204.8
11点27分2	1		24.6	-204.8	-204.8	36.3	-204.8	25.3	55.5	-204.8
11点27分2	1		24.6	-204.8	-204.8	36.2	-204.8	25.3	55.6	-204.8
11点27分2	1		24.6	-204.8	-204.8	36.2	-204.8	25.3	55.6	-204.8
